2023-12-19_08-41-41
Time Elasped	168.93 sec
T.Size	1000
Mean	5.649
Median	6.0
Mode	6
SD	0.9903
Max	9
Min	4
W.RATE 	100.0% (0 LOSES)

CODE_LENGTH:5
COLORS:8
MAX_GUESS:10
POPULATION_LENGTH:250
MAX_GEN:300
MUTATION_RATE:0.0

5,5,5,5,5,5,5,5,5,5,5,5,5,5,5,5,5,5,5,5,5,5,5,5,5,5,7,7,7,7,6,6,6,6,6,7,7,7,7,4,4,4,4,4,4,4,4,4,4,4,5,5,5,5,5,5,5,5,5,5,5,5,5,5,5,5,5,5,5,5,5,5,5,5,5,5,7,7,7,7,5,5,5,5,5,5,5,5,6,6,6,6,6,6,5,5,5,5,5,5,5,5,5,5,5,5,5,5,5,5,5,5,5,5,5,5,5,5,5,5,5,4,4,4,4,4,4,4,4,4,4,4,7,7,7,7,4,4,4,4,4,4,4,4,4,4,4,4,5,5,5,5,5,5,7,7,7,7,4,4,4,4,4,4,4,4,4,4,4,6,6,6,6,6,7,7,7,6,6,6,6,6,5,5,5,5,5,5,7,7,7,5,5,5,5,5,5,5,5,7,7,7,7,7,7,7,7,5,5,5,5,5,5,5,5,5,5,5,5,5,5,5,5,7,7,7,7,5,5,5,5,5,5,5,6,6,6,6,8,8,8,6,6,6,6,6,6,6,6,6,6,6,6,6,6,6,7,7,7,7,7,6,6,6,6,6,6,6,6,6,6,6,6,6,6,6,6,4,4,4,4,4,4,4,4,4,4,4,4,4,4,4,4,4,4,4,4,4,4,4,4,4,4,4,7,7,7,7,6,6,6,6,6,6,6,6,6,6,7,7,7,7,9,9,7,7,7,5,5,5,5,5,5,5,5,5,5,5,6,6,6,6,6,6,6,6,6,6,6,6,6,6,6,6,6,6,6,6,6,6,6,6,6,6,6,6,6,6,6,6,6,6,7,7,7,7,6,6,6,6,7,7,7,7,6,6,6,6,6,6,6,6,6,6,6,9,9,9,6,6,6,6,6,7,7,7,5,5,5,5,5,5,5,7,7,7,7,6,6,6,6,6,6,6,6,6,6,7,7,7,7,7,7,7,7,6,6,6,6,6,6,6,6,6,6,7,7,7,7,6,6,6,6,4,4,4,4,4,4,4,4,4,4,4,4,6,6,6,6,6,6,6,6,6,6,6,6,6,6,6,6,6,6,5,5,5,5,5,5,5,5,5,5,5,5,6,6,6,6,6,5,5,5,5,5,5,5,5,5,5,5,6,6,6,6,6,6,6,6,6,7,7,7,7,6,6,6,6,6,6,6,4,4,4,4,4,4,4,4,4,4,4,4,4,4,4,4,4,4,4,4,4,4,4,4,5,5,5,5,5,5,5,6,6,6,6,6,6,6,6,6,6,6,6,5,5,5,5,5,5,5,5,5,6,6,6,6,6,6,6,6,6,6,6,6,6,6,6,6,6,6,6,6,6,5,5,5,5,5,5,8,8,8,7,7,7,5,5,5,5,5,5,7,7,7,7,7,8,8,8,6,6,6,4,4,4,4,4,4,4,4,4,4,4,4,4,6,6,6,6,6,6,7,7,7,8,8,8,6,6,6,6,6,7,7,7,7,6,6,6,6,6,6,6,6,6,6,5,5,5,5,5,5,5,5,5,5,5,5,5,5,5,5,7,7,7,7,6,6,6,6,6,6,6,6,6,6,7,7,7,7,7,7,7,7,7,6,6,6,6,6,7,7,7,7,5,5,5,5,5,5,5,7,7,7,7,6,6,6,6,7,7,7,7,6,6,6,6,6,6,6,6,6,6,6,6,5,5,5,5,5,5,5,6,6,6,6,6,6,6,6,6,6,6,6,6,6,6,5,5,5,5,5,5,5,5,5,5,5,5,5,5,5,5,5,5,5,5,5,5,5,5,5,7,7,7,7,6,6,6,6,6,6,6,6,6,6,5,5,5,5,5,6,6,6,6,6,6,8,8,8,6,6,6,6,6,6,6,6,6,6,6,7,7,7,7,6,6,6,6,6,6,6,6,6,6,6,6,5,5,5,5,5,5,7,7,7,7,5,5,5,5,5,5,5,5,5,5,5,5,5,5,7,7,7,7,7,7,7,7,7,5,5,5,5,5,5,5,5,5,5,5,5,5,5,5,5,6,6,6,6,6,6,5,5,5,5,5,5,5,6,6,6,6,6,6,6,6,6,6,7,7,7,7,7,6,6,6,6,6,6,6,6,6,6,9,9,9,5,5,5,5,5,7,7,7,6,6,6,6,6,6,6,6,6,6,6,6,5,5,5,5,5,5,6,6,6,6,6,6,7,7,7,7,7,7,7,7,5,5,5,5,5,5,5,5,5,5,5,5,