2023-12-19_12-07-07
Time Elasped	335.47 sec
T.Size	1000
Mean	5.405
Median	5.0
Mode	5
SD	1.0593
Max	8
Min	3
W.RATE 	100.0% (0 LOSES)

CODE_LENGTH:5
COLORS:8
MAX_GUESS:10
POPULATION_LENGTH:350
MAX_GEN:500
MUTATION_RATE:0.1

7,7,6,6,6,6,6,6,6,5,5,5,7,7,6,6,6,6,7,5,5,5,5,6,6,4,4,4,4,4,6,6,6,5,5,6,6,7,7,6,6,8,6,6,8,8,7,7,7,7,7,7,6,6,8,7,7,5,5,5,7,7,5,5,5,6,6,6,6,6,6,6,5,5,8,5,5,5,6,6,6,5,5,5,7,7,7,7,6,6,5,5,5,5,7,7,4,4,4,6,6,6,6,6,5,5,5,5,5,5,5,5,5,5,5,5,5,5,5,6,6,5,5,5,5,5,6,6,6,6,6,5,5,5,5,5,5,5,5,5,5,5,5,5,5,6,6,6,5,5,5,7,7,8,5,5,5,5,6,6,7,7,8,4,4,4,7,7,6,6,6,6,6,7,7,6,6,6,6,6,6,6,6,6,6,6,7,7,6,6,6,6,7,7,6,6,7,7,4,4,4,4,4,4,4,6,6,6,6,7,7,6,6,6,6,6,6,6,6,6,6,6,6,6,6,6,6,6,6,6,6,5,5,5,5,5,5,5,5,5,5,5,5,5,6,6,6,6,6,6,5,5,5,4,4,4,4,4,4,4,4,4,4,4,4,4,4,4,4,4,4,4,4,4,6,6,6,6,5,5,5,5,8,8,5,5,4,4,4,4,4,6,6,6,7,7,7,4,4,4,4,4,4,4,4,4,4,4,5,5,5,5,5,5,5,5,5,5,5,5,5,5,6,6,6,6,6,6,6,6,6,5,5,5,5,7,7,5,5,5,6,6,6,6,6,6,6,7,7,6,6,5,5,5,5,7,7,6,6,6,6,6,6,6,6,6,6,5,5,5,5,5,5,5,5,5,5,5,5,5,7,7,7,7,6,7,7,6,6,6,6,6,6,5,5,5,3,3,3,3,3,3,3,3,3,3,3,3,3,3,3,3,3,3,3,5,5,5,5,7,7,5,5,5,5,5,5,5,5,5,5,5,7,6,6,5,5,5,5,6,6,6,6,6,5,5,5,6,6,6,6,6,6,6,6,6,6,6,6,5,5,5,5,5,7,7,5,6,6,6,5,5,5,5,5,5,5,5,6,6,6,5,5,5,5,7,7,7,5,5,5,5,5,5,5,8,8,6,6,6,6,6,6,6,6,6,6,6,6,6,5,5,5,5,6,6,6,6,6,6,6,6,6,6,6,6,6,6,5,5,5,5,5,7,7,5,5,5,5,5,5,7,7,4,4,4,4,4,4,3,3,3,3,3,3,3,3,3,3,3,3,3,3,3,3,3,3,3,3,3,3,6,6,6,5,5,5,6,6,6,6,6,4,4,4,4,4,4,4,4,6,6,6,6,6,4,4,4,4,5,5,5,5,7,7,8,5,5,5,5,5,5,5,5,6,6,4,4,4,6,6,6,6,7,7,6,6,5,5,5,6,6,6,6,6,7,7,6,6,7,5,5,5,5,6,6,6,4,4,4,4,6,6,5,5,5,5,8,6,6,5,5,5,5,5,5,5,5,7,7,5,5,6,6,4,4,4,4,4,4,4,4,4,4,4,4,4,4,4,4,4,4,4,4,4,4,4,4,5,5,5,5,5,5,5,7,7,6,6,4,4,4,6,6,7,7,6,6,5,5,5,5,6,6,6,6,6,6,6,6,6,5,5,5,5,5,5,5,5,6,6,6,6,6,6,5,5,5,6,6,6,8,6,6,5,5,6,6,6,6,6,6,6,6,6,5,5,5,6,6,6,6,6,7,7,5,8,8,7,7,5,7,7,8,5,5,5,5,7,7,5,5,7,7,6,6,6,6,6,6,6,7,8,8,6,5,5,5,5,6,6,6,5,5,4,4,4,6,6,5,5,5,7,7,5,5,5,6,6,4,4,4,4,4,4,4,4,4,4,4,4,4,4,4,4,4,4,4,4,6,6,6,5,5,5,7,7,7,7,5,5,5,5,5,5,5,5,6,6,6,6,6,5,5,5,5,5,5,5,5,5,5,5,5,6,6,7,7,7,6,6,6,6,6,6,6,5,5,5,5,5,5,7,7,6,6,6,6,5,5,5,7,7,4,4,4,4,7,7,7,7,4,4,4,4,4,5,5,5,5,6,6,6,6,6,6,6,6,6,6,7,7,7,7,5,5,5,5,5,5,5,6,6,7,7,6,6,6,5,5,6,6,6,5,5,5,5,6,6,6,6,5,5,5,7,7,5,5,5,5,7,7,6,6,6,6,6,5,5,5,5,5,5,5,5,5,4,4,4,4,