2023-12-19_10-13-44
Time Elasped	210.11 sec
T.Size	1000
Mean	5.04
Median	5.0
Mode	6
SD	1.5122
Max	9
Min	2
W.RATE 	100.0% (0 LOSES)

CODE_LENGTH:5
COLORS:8
MAX_GUESS:10
POPULATION_LENGTH:300
MAX_GEN:400
MUTATION_RATE:0.2

5,6,6,6,6,7,7,7,4,4,4,4,4,4,4,7,7,7,7,7,7,7,4,4,4,4,4,4,4,4,6,6,6,6,7,7,5,5,5,5,5,5,6,6,6,6,6,6,6,7,7,7,5,5,5,5,5,5,5,5,6,6,6,6,6,6,6,6,6,6,6,6,6,6,6,6,6,6,6,6,6,6,6,6,6,5,5,5,5,5,6,6,6,6,6,6,6,6,7,7,7,7,6,6,6,6,3,3,3,3,3,6,6,6,5,5,5,5,5,5,5,5,5,5,5,5,5,5,5,8,8,6,6,6,7,7,7,6,6,6,5,5,5,5,6,6,6,6,6,6,6,8,8,7,7,6,6,6,6,6,6,6,6,6,6,6,5,5,5,5,5,5,5,7,7,7,5,5,5,5,5,5,5,5,7,7,7,7,7,3,3,3,3,3,3,3,3,3,3,3,3,3,3,3,3,3,3,3,3,3,3,3,3,3,3,3,3,3,3,3,3,3,3,3,3,3,3,3,3,3,3,3,3,3,3,3,3,3,3,7,7,7,6,6,6,6,6,6,7,7,8,8,7,7,7,7,7,7,6,6,6,6,6,6,6,6,6,6,6,6,6,6,6,6,6,6,6,6,6,6,6,6,6,6,6,6,6,6,6,6,6,5,5,5,5,5,5,7,7,7,9,6,6,6,6,6,6,6,6,6,6,7,7,7,7,7,7,7,6,6,6,7,7,7,6,6,6,6,7,7,6,6,6,5,5,5,5,5,6,6,6,7,7,7,7,7,5,5,5,5,5,5,5,5,5,5,5,5,5,7,7,7,7,7,6,6,6,6,6,6,6,6,4,4,4,4,4,4,5,5,5,5,5,5,5,5,5,5,5,5,5,5,5,5,7,7,7,7,7,6,6,6,6,6,6,6,6,6,6,6,6,6,6,6,6,6,6,6,6,5,5,5,5,5,5,5,5,5,5,7,7,7,6,6,6,6,6,6,6,5,5,5,5,5,7,7,7,4,4,4,4,4,4,4,4,4,4,4,4,4,4,4,4,4,4,4,4,4,4,4,4,4,6,6,6,6,5,5,5,5,5,5,5,5,5,5,5,5,5,5,5,5,6,6,6,6,6,6,6,6,6,6,8,8,8,8,6,6,7,7,7,6,6,6,7,7,5,5,5,5,5,5,7,7,7,6,6,6,6,6,6,6,6,6,6,6,6,6,6,6,6,6,6,6,6,6,6,6,6,7,7,5,5,5,5,5,5,5,6,6,6,6,6,6,4,4,4,4,4,4,4,7,7,7,7,7,6,6,6,6,6,4,4,4,4,4,4,4,4,6,6,6,6,5,5,5,5,6,6,6,6,6,6,6,6,6,6,6,6,6,5,5,5,5,5,5,6,6,6,6,6,6,6,6,6,6,6,6,5,5,5,5,5,3,3,3,3,3,3,3,3,3,3,3,3,3,3,3,3,3,3,3,3,3,3,3,3,3,3,3,3,3,3,3,3,3,3,3,3,3,3,3,3,3,3,3,3,3,3,6,6,6,6,6,6,6,5,5,5,5,5,7,7,6,6,6,6,6,6,6,6,6,6,7,7,7,2,2,2,2,2,2,2,2,2,2,2,2,2,2,2,2,2,2,2,2,2,2,2,2,2,2,2,2,2,2,2,2,2,2,2,2,2,2,2,2,2,2,2,2,2,2,2,2,2,2,2,2,2,2,2,2,2,2,2,2,2,2,2,2,2,2,2,2,2,2,2,2,2,7,7,7,6,6,6,7,7,7,7,7,7,7,7,7,6,6,6,6,5,5,5,6,6,6,6,7,7,7,6,6,6,6,7,7,7,5,5,5,6,6,6,6,6,3,3,3,3,3,3,3,3,3,3,3,3,3,3,3,3,3,3,3,3,3,3,3,3,3,3,3,3,3,3,3,3,3,3,3,3,3,3,3,3,3,3,3,3,3,3,3,3,5,5,5,5,5,6,6,6,6,6,6,6,5,5,5,5,5,6,6,6,6,6,6,6,8,8,7,7,6,6,6,6,6,6,6,6,6,6,6,6,6,5,5,5,5,5,5,6,6,6,6,6,6,6,6,6,6,5,5,5,5,5,5,4,4,4,4,4,4,4,5,5,5,5,5,5,5,5,5,5,6,6,6,6,6,6,6,6,6,4,4,4,4,4,4,4,6,6,6,6,5,5,5,5,5,5,5,5,5,5,5,5,5,5,5,5,5,5,5,5,7,7,6,6,6,6,5,5,5,