2023-12-19_12-24-07
Time Elasped	343.4 sec
T.Size	1000
Mean	5.165
Median	5.0
Mode	6
SD	1.3593
Max	8
Min	2
W.RATE 	100.0% (0 LOSES)

CODE_LENGTH:5
COLORS:8
MAX_GUESS:10
POPULATION_LENGTH:350
MAX_GEN:500
MUTATION_RATE:0.4

5,5,5,5,5,5,5,5,5,7,7,5,5,7,7,4,4,4,6,6,6,6,6,7,6,6,6,6,6,6,6,6,7,7,4,4,4,4,4,6,6,6,6,6,6,6,6,6,6,7,7,6,6,7,5,5,5,7,7,6,6,5,5,5,6,6,6,6,6,6,5,5,5,6,6,7,7,6,6,6,6,6,6,6,6,5,5,5,6,6,6,6,5,5,5,5,5,5,5,5,6,6,6,6,6,5,5,6,6,7,7,5,5,8,6,6,7,7,6,7,7,6,7,7,5,5,5,5,5,5,5,5,5,6,6,5,5,5,5,5,4,4,4,4,4,4,4,4,4,4,4,4,4,4,4,4,4,4,4,4,4,4,4,4,4,4,4,4,4,4,7,7,5,5,5,5,5,5,5,8,5,5,5,6,6,6,6,7,7,6,6,5,5,7,7,5,5,5,5,6,6,6,5,5,5,5,6,6,6,6,6,8,7,7,7,6,6,7,6,6,5,5,5,5,5,5,5,6,6,6,6,6,6,6,5,5,6,6,6,6,5,5,5,5,5,5,6,6,5,5,5,6,6,8,6,6,6,5,5,5,7,7,6,5,5,5,5,5,5,5,5,5,7,6,6,7,7,8,6,6,6,6,6,5,5,5,6,6,3,3,3,3,6,6,7,7,7,6,6,4,4,4,4,6,6,6,6,6,6,6,5,5,5,7,5,5,6,6,6,7,6,6,6,6,7,6,6,6,6,5,5,5,5,5,6,6,6,6,6,7,6,6,6,5,5,5,6,6,6,6,5,5,5,5,5,6,6,8,6,6,6,7,7,7,5,5,5,7,7,5,5,3,3,3,3,3,3,3,3,3,3,3,3,3,3,3,3,3,3,3,3,3,3,3,3,3,3,3,3,3,3,3,3,3,3,3,3,3,3,3,3,3,6,6,6,6,6,6,7,6,6,6,6,6,5,5,5,5,5,5,5,5,5,5,7,7,5,5,5,6,6,8,8,7,6,6,6,5,5,5,6,6,6,6,6,6,4,4,4,4,4,6,6,6,6,6,6,6,6,7,7,7,6,6,7,7,7,6,5,5,5,5,5,5,7,7,5,5,5,6,6,5,5,5,5,4,4,4,4,5,5,5,5,6,6,6,7,8,5,5,5,5,6,6,5,5,5,5,5,5,5,5,5,5,7,7,7,7,6,4,4,4,4,4,4,4,4,4,4,4,4,4,4,4,4,5,5,5,5,5,5,5,6,6,6,6,4,4,4,4,4,5,5,5,5,6,6,7,7,5,5,5,5,5,5,5,5,5,6,6,6,6,6,6,6,6,6,6,6,6,6,7,7,6,6,6,6,6,4,4,4,4,4,4,4,4,4,4,6,6,6,6,6,6,6,5,5,5,5,6,6,6,5,5,5,5,5,5,7,7,7,7,7,7,6,6,7,7,6,5,5,5,6,6,4,4,4,4,4,4,4,4,4,6,6,7,7,7,6,6,6,7,7,4,4,4,4,4,4,4,4,4,4,6,6,6,6,6,6,6,5,5,5,6,6,6,6,6,6,5,5,5,5,5,7,7,5,5,5,5,5,5,5,5,5,4,4,4,4,4,4,4,4,4,4,4,4,4,4,4,4,4,4,7,7,7,7,7,6,6,5,5,5,5,5,5,5,5,5,5,5,5,5,5,5,5,5,5,5,6,6,6,6,6,7,7,6,6,6,6,6,6,6,7,7,5,5,6,6,7,7,6,5,5,5,6,6,6,6,6,7,7,6,6,6,6,6,6,6,5,5,5,5,5,5,6,6,6,6,7,7,5,5,5,5,5,5,5,5,5,5,5,7,7,6,6,7,7,5,7,7,6,6,6,7,7,5,5,6,6,6,6,6,6,6,6,6,7,7,6,6,5,5,5,6,6,6,6,6,6,6,7,7,5,5,5,5,5,5,5,5,5,6,6,7,7,7,7,5,5,5,5,5,5,5,5,4,4,4,4,4,6,6,6,6,6,6,6,6,6,7,5,5,5,5,5,5,5,6,6,7,7,7,8,7,7,8,6,6,6,6,6,6,7,7,7,4,4,4,4,4,4,4,4,4,4,4,6,6,2,2,2,2,2,2,2,2,2,2,2,2,2,2,2,2,2,2,2,2,2,2,2,2,2,2,2,2,2,2,2,2,2,2,2,2,2,2,2,2,2,2,2,2,2,2,2,2,2,2,2,2,2,2,2,2,2,2,2,2,2,2,2,2,2,2,2,2,2,2,2,