2023-12-19_17-23-40
Time Elasped	290.76 sec
T.Size	1000
Mean	5.252
Median	5.0
Mode	6
SD	1.2954
Max	9
Min	2
W.RATE 	100.0% (0 LOSES)

CODE_LENGTH:5
COLORS:8
MAX_GUESS:10
POPULATION_LENGTH:500
MAX_GEN:200
MUTATION_RATE:0.2

6,6,8,8,5,5,6,6,6,5,5,5,5,5,5,5,5,6,6,6,6,6,6,6,6,6,5,5,5,5,5,6,6,6,6,6,7,7,6,6,6,4,4,4,4,4,4,4,4,6,6,7,7,5,5,5,5,5,6,6,6,6,6,6,5,5,5,5,7,7,7,7,7,7,6,6,6,6,6,6,6,6,7,7,4,4,6,6,6,5,5,5,5,7,7,7,7,5,5,5,5,5,5,5,5,5,5,5,5,5,5,4,4,4,4,4,4,6,6,6,6,6,6,4,4,4,4,7,7,7,5,5,5,5,6,6,6,6,6,6,6,6,6,7,7,6,6,6,7,7,5,5,5,5,6,6,5,5,5,5,5,5,5,5,7,7,5,5,5,5,5,4,4,4,4,4,4,4,7,7,7,7,7,5,5,5,6,6,6,6,6,7,7,7,6,6,6,5,5,5,4,4,4,4,4,4,4,4,5,5,5,5,6,6,5,5,5,5,5,6,6,6,5,5,5,7,7,6,6,6,6,6,5,5,5,6,6,6,6,6,6,6,6,6,8,8,5,5,6,6,6,6,6,6,6,6,9,9,7,7,7,5,5,5,5,5,5,5,5,5,5,5,6,6,6,5,5,5,6,6,6,6,6,5,5,5,5,5,5,5,5,5,5,6,6,6,6,6,6,7,7,8,6,6,7,7,7,7,5,5,5,5,4,4,4,4,4,4,6,6,6,7,7,6,6,6,6,6,6,5,5,5,5,6,6,6,6,6,5,5,5,5,6,6,6,6,6,5,5,5,5,6,6,6,5,5,5,5,7,7,7,7,7,5,5,5,5,6,6,6,6,6,7,7,6,6,8,8,5,5,5,6,6,6,2,2,2,2,2,2,2,2,2,2,2,2,2,2,2,2,2,2,2,2,2,2,2,2,2,2,2,2,2,2,2,2,2,2,2,2,2,2,2,2,2,2,2,2,2,2,2,2,2,2,2,2,2,2,2,2,2,2,2,2,2,2,5,5,5,5,5,5,5,6,6,6,4,4,4,4,4,6,6,6,6,6,6,5,5,5,5,5,5,5,6,6,6,6,6,6,6,6,6,7,7,5,5,5,5,5,5,5,5,5,5,5,6,6,6,6,5,5,5,5,5,5,6,6,6,6,6,5,5,5,6,6,6,4,4,4,4,6,6,6,6,6,6,5,5,5,5,5,5,5,6,6,6,6,6,6,5,5,5,6,6,6,6,6,5,5,5,8,8,6,6,6,6,6,5,5,5,5,5,7,7,6,6,6,4,4,4,4,4,4,4,4,4,4,4,4,6,6,6,7,7,6,6,6,6,6,6,6,6,6,5,5,5,5,7,7,6,6,6,7,7,5,5,5,5,6,6,5,5,5,5,5,6,6,6,7,7,5,5,5,5,5,6,6,6,6,6,5,5,5,5,6,6,6,5,5,5,5,8,8,6,6,6,6,6,6,6,6,6,6,6,6,7,7,7,7,6,6,4,4,4,4,4,7,7,6,6,6,5,5,5,5,6,6,6,7,7,5,5,5,5,7,7,7,7,7,6,6,5,5,5,5,5,5,6,6,6,6,6,6,6,6,6,6,5,5,5,6,6,6,6,6,6,7,7,3,3,3,3,3,3,3,3,3,3,3,3,3,3,3,3,3,3,3,3,3,3,3,3,3,3,3,3,3,3,3,3,3,3,3,3,3,3,6,6,6,5,5,5,7,7,6,6,6,6,6,6,6,6,6,6,6,6,6,8,8,5,5,5,5,5,5,5,5,6,6,6,6,6,6,5,5,5,6,6,6,6,6,6,6,6,6,6,6,6,6,6,6,6,6,6,5,5,5,5,5,5,5,5,5,5,6,6,6,5,5,5,7,7,7,8,6,6,6,6,6,6,7,7,6,6,6,4,4,4,8,8,5,5,6,6,6,6,6,6,6,6,4,4,4,4,4,4,4,7,7,7,7,6,6,6,4,4,4,7,7,5,5,5,5,5,5,5,5,4,4,4,4,4,4,4,4,4,4,4,4,4,4,4,4,4,4,4,5,5,5,5,5,6,6,6,6,6,6,6,6,6,5,5,5,5,5,5,5,7,7,6,6,6,6,6,5,5,5,5,5,5,5,5,5,5,5,5,5,5,5,5,5,5,5,5,5,5,5,5,5,5,5,7,7,7,7,5,5,5,5,5,5,5,6,6,6,5,5,5,5,6,6,6,6,6,6,6,6,6,6,5,5,5,5,5,6,6,6,6,5,