2023-12-19_17-34-57
Time Elasped	342.17 sec
T.Size	1000
Mean	5.658
Median	6.0
Mode	6
SD	0.9879
Max	9
Min	3
W.RATE 	100.0% (0 LOSES)

CODE_LENGTH:5
COLORS:8
MAX_GUESS:10
POPULATION_LENGTH:500
MAX_GEN:200
MUTATION_RATE:0.4

5,6,6,6,6,6,6,5,5,5,5,6,6,8,8,7,7,6,6,6,6,6,6,5,5,5,7,7,5,5,5,6,6,6,6,5,5,5,5,5,5,5,7,7,5,5,5,5,5,7,7,6,6,6,6,6,6,6,6,5,5,5,6,6,6,6,6,6,5,5,5,5,5,5,5,5,5,5,5,5,5,7,7,4,4,4,4,4,5,5,5,5,5,6,6,6,5,5,5,5,7,7,5,5,5,5,6,6,6,4,4,4,4,5,5,5,5,5,6,6,7,7,7,5,5,5,8,5,5,5,5,5,6,6,6,6,6,6,5,5,7,7,7,4,4,4,5,5,5,6,6,6,7,7,5,5,5,5,7,7,6,6,7,7,6,6,7,7,5,5,5,5,6,6,6,6,6,6,6,8,8,6,6,7,7,7,7,6,6,6,5,5,5,7,7,5,5,5,5,5,5,5,4,4,4,4,4,4,4,6,6,6,6,6,6,6,6,6,6,6,6,5,5,5,5,5,5,5,5,5,5,6,6,6,6,6,6,5,5,5,6,6,6,8,6,6,6,5,5,5,5,5,5,5,7,7,7,4,4,4,4,6,6,8,8,4,4,6,6,6,6,6,6,6,6,6,6,6,6,5,5,5,5,5,5,5,7,7,8,8,5,5,7,7,6,6,6,6,7,7,6,6,6,6,6,5,5,5,5,6,6,6,6,6,6,6,6,6,5,5,5,5,5,5,6,6,6,8,8,4,4,4,4,4,4,4,4,4,4,7,7,5,5,5,5,5,6,6,6,6,6,6,6,6,8,8,6,6,6,6,6,6,6,7,7,5,5,5,5,6,6,5,5,5,7,7,5,5,5,5,5,5,6,6,6,8,8,3,3,3,3,3,3,3,3,3,3,3,3,3,6,6,6,7,7,6,6,6,8,8,8,7,7,7,7,5,5,5,6,6,6,6,6,6,6,6,7,7,7,7,7,6,6,6,7,7,7,7,5,5,7,7,7,7,6,6,6,4,4,4,4,4,7,7,5,5,5,7,7,6,6,6,6,6,6,6,6,6,6,6,6,5,5,5,5,6,6,6,6,6,7,7,6,6,5,5,5,5,7,7,6,6,6,6,6,7,7,6,6,6,8,8,6,6,6,6,6,6,6,5,5,5,5,7,7,6,6,6,6,6,8,8,6,6,8,8,5,5,5,5,5,5,5,5,5,5,5,5,5,5,5,5,5,5,6,6,6,5,5,5,5,5,5,5,8,8,6,6,5,5,5,5,5,5,5,7,7,5,5,5,5,6,6,6,6,6,6,7,7,6,6,6,6,6,8,8,5,5,5,5,5,5,5,8,8,6,6,6,6,6,7,7,6,6,6,7,7,6,6,6,6,9,6,6,6,5,5,5,5,5,6,6,6,5,5,5,5,5,5,5,5,5,6,6,6,6,6,6,5,5,5,5,5,5,6,6,6,7,7,6,6,6,6,6,6,6,7,7,5,5,5,5,5,6,6,6,5,5,5,5,5,5,5,6,6,6,7,7,6,6,6,7,7,6,6,6,5,5,5,5,5,5,6,6,6,6,6,6,6,6,6,6,6,6,6,6,5,5,5,7,7,6,6,6,6,6,6,6,6,6,6,6,4,4,4,4,4,4,4,4,7,7,7,5,5,5,5,5,5,6,6,6,6,7,7,6,6,5,5,5,4,4,4,4,4,4,7,7,6,6,6,7,7,5,5,5,5,6,6,6,4,4,4,4,4,4,4,4,4,4,6,6,6,5,5,5,5,6,6,6,6,6,6,6,6,5,5,5,5,7,7,6,6,6,6,6,7,7,7,6,6,6,6,6,7,7,6,6,6,6,6,6,6,6,5,5,5,4,4,4,4,4,4,8,8,6,6,6,6,6,6,5,5,5,5,5,5,5,5,5,5,5,5,5,5,6,6,6,4,4,4,4,6,6,6,6,6,6,8,8,6,4,4,4,4,6,6,6,4,4,4,7,7,5,5,5,5,5,5,5,5,5,5,5,5,5,7,7,6,6,6,6,6,6,6,6,5,5,5,7,7,7,7,5,5,5,5,5,4,4,4,4,4,4,4,4,4,4,4,7,7,6,6,6,6,6,6,7,7,6,6,6,6,6,7,7,6,6,6,6,6,6,6,6,6,6,6,7,7,6,6,6,5,5,5,5,5,5,5,5,6,6,6,7,6,6,6,5,5,5,5,7,7,7,7,5,5,5,5,6,6,6,6,6,6,6,6,6,6,5,