2023-12-19_10-06-27
Time Elasped	207.37 sec
T.Size	1000
Mean	5.336
Median	5.0
Mode	6
SD	1.1173
Max	9
Min	3
W.RATE 	100.0% (0 LOSES)

CODE_LENGTH:5
COLORS:8
MAX_GUESS:10
POPULATION_LENGTH:300
MAX_GEN:400
MUTATION_RATE:0.0

8,8,6,6,6,6,7,7,7,6,6,6,6,6,6,6,6,6,6,6,6,6,6,6,6,6,6,6,6,7,7,7,6,6,6,7,7,7,7,7,5,5,5,7,7,6,6,6,6,6,6,6,7,7,5,5,5,5,5,6,6,6,6,6,6,6,7,7,7,7,5,5,5,5,5,5,5,8,8,4,4,4,4,4,4,4,6,6,6,6,6,6,6,6,6,6,6,6,6,6,5,5,5,5,5,5,5,5,5,5,5,5,5,5,6,6,6,6,6,6,4,4,4,4,4,4,6,6,6,8,8,6,6,6,7,7,5,5,5,5,5,5,5,5,5,5,5,5,5,5,5,5,5,5,5,5,6,6,6,6,7,7,7,5,5,5,5,5,6,6,6,6,7,7,6,6,6,6,6,6,6,6,7,7,6,6,6,5,5,5,5,6,6,6,6,6,6,6,7,7,7,7,7,7,6,6,6,6,6,6,6,6,6,6,6,6,6,6,6,7,7,7,6,6,6,9,9,6,6,6,7,7,7,5,5,5,5,5,5,5,5,5,5,5,6,6,6,6,7,7,5,5,5,5,5,6,6,6,6,6,5,5,5,5,5,5,5,5,6,6,6,6,6,6,6,6,6,6,7,7,7,6,6,6,6,6,6,6,6,6,6,8,8,5,5,5,5,5,6,6,6,6,5,5,5,5,7,7,7,4,4,4,4,4,4,4,4,5,5,5,5,5,5,5,6,6,6,6,6,6,6,6,6,6,6,5,5,5,5,5,5,6,6,6,6,6,6,6,6,6,7,7,7,5,5,5,5,7,7,7,5,5,5,5,5,5,3,3,3,3,3,3,3,3,3,7,7,7,7,7,5,5,5,5,5,5,6,6,6,6,4,4,4,4,4,4,4,4,7,7,7,5,5,5,5,5,5,5,6,6,6,6,6,6,6,7,7,7,4,4,4,4,4,4,4,4,4,6,6,6,6,6,6,6,7,7,6,6,6,6,6,6,6,6,6,6,6,6,6,6,6,6,6,6,6,6,7,7,7,5,5,5,5,5,5,6,6,6,6,6,7,7,7,6,6,6,6,5,5,5,5,5,5,6,6,6,6,6,6,6,6,6,6,6,6,6,6,6,6,6,6,6,6,6,6,6,6,6,6,5,5,5,5,5,5,5,5,5,7,7,7,5,5,5,5,5,5,5,5,5,5,6,6,6,6,6,6,6,6,5,5,5,5,5,5,5,6,6,6,6,6,6,6,4,4,4,4,4,4,4,4,4,4,4,4,4,4,4,4,4,4,4,4,4,4,4,4,4,4,4,4,4,4,4,4,4,4,4,4,4,4,4,4,4,4,7,7,7,6,6,6,6,6,6,6,6,6,6,6,6,6,4,4,4,4,4,4,4,4,4,4,4,4,4,4,4,4,4,4,4,4,4,4,4,4,6,6,6,6,6,6,6,6,7,7,7,6,6,6,6,6,6,6,7,7,5,5,5,5,5,5,5,5,5,5,5,5,5,5,5,5,5,5,5,5,6,6,6,6,5,5,5,5,6,6,6,6,5,5,5,5,5,5,5,5,5,5,5,7,7,7,6,6,6,6,6,6,7,7,6,6,6,6,6,6,6,7,7,7,7,7,7,7,6,6,6,7,7,7,5,5,5,5,5,6,6,6,6,7,7,7,5,5,5,5,5,4,4,4,4,4,4,4,4,4,4,4,4,4,4,4,4,4,4,4,4,6,6,6,6,7,7,7,6,6,6,6,6,6,6,6,6,6,6,6,6,5,5,5,5,5,5,4,4,4,4,4,4,4,4,4,4,4,4,4,4,4,4,4,4,4,4,4,4,4,4,4,4,5,5,5,5,5,5,5,7,7,7,4,4,4,4,4,4,4,4,4,4,4,4,4,4,4,4,4,4,4,4,4,7,7,7,5,5,5,5,5,5,5,6,6,6,6,6,6,6,7,7,6,6,6,6,5,5,5,5,5,4,4,4,4,4,4,4,4,4,4,4,4,4,4,4,4,4,4,4,4,4,4,4,4,4,4,4,4,4,4,4,4,5,5,5,5,5,5,5,7,7,7,7,7,7,5,5,5,5,5,6,6,6,3,3,3,3,3,3,3,3,3,3,3,3,3,3,3,3,3,3,3,3,3,3,3,3,3,3,3,3,3,3,3,3,3,3,3,3,3,6,6,6,6,5,5,5,5,5,7,7,7,6,6,6,6,4,4,4,4,4,4,4,7,7,7,5,5,5,7,7,7,5,