2023-12-19_15-11-18
Time Elasped	350.77 sec
T.Size	1000
Mean	5.454
Median	5.0
Mode	6
SD	1.0996
Max	9
Min	3
W.RATE 	100.0% (0 LOSES)

CODE_LENGTH:5
COLORS:8
MAX_GUESS:10
POPULATION_LENGTH:450
MAX_GEN:300
MUTATION_RATE:0.1

5,5,5,5,6,6,6,6,6,7,7,8,6,6,6,6,5,5,5,5,5,7,7,5,5,5,5,5,5,5,5,5,5,5,5,7,7,7,5,5,6,6,6,5,5,5,5,5,5,5,5,5,5,5,5,6,6,6,6,6,6,6,6,6,6,5,5,5,5,6,6,5,5,5,5,6,6,7,7,7,5,5,5,7,7,6,6,6,6,6,6,6,6,7,7,6,6,7,7,6,6,7,7,7,7,5,5,5,6,6,6,7,7,5,5,5,5,5,5,6,6,5,5,5,5,5,5,6,6,5,5,5,5,5,5,5,5,4,4,4,4,4,4,4,4,7,7,7,7,6,6,7,7,8,6,6,6,6,6,4,4,4,4,4,4,4,4,4,4,4,4,4,4,4,4,5,5,5,5,6,6,5,5,5,5,6,6,6,7,7,7,7,6,6,7,7,7,7,7,6,6,6,6,6,5,5,5,5,5,5,6,6,6,7,7,5,5,4,4,4,4,4,4,4,4,4,4,4,4,4,4,4,6,6,7,7,6,5,5,5,6,6,6,6,6,7,7,7,7,7,6,6,6,6,6,6,6,6,6,6,6,6,6,6,6,5,5,5,5,5,5,8,5,5,5,8,8,6,7,7,7,7,6,6,6,6,6,6,6,5,5,6,6,6,6,6,6,6,6,6,9,5,5,5,4,4,4,4,4,5,5,5,6,6,6,6,6,5,5,5,5,5,5,5,5,5,5,7,7,6,6,6,6,6,6,5,5,5,5,6,6,5,5,5,5,7,7,4,4,4,4,4,7,7,5,5,5,7,7,7,7,5,5,5,6,6,6,4,4,4,4,6,6,6,7,7,7,7,6,6,6,6,6,6,5,5,5,5,5,5,5,5,5,6,6,6,6,6,5,5,5,5,8,5,5,5,5,6,6,6,5,5,5,7,7,6,6,6,6,5,5,5,5,6,6,6,5,5,5,6,6,6,3,3,3,3,6,6,6,5,5,6,6,6,7,7,8,5,5,5,5,5,5,5,5,5,5,6,6,6,6,6,7,7,5,5,5,6,6,6,6,4,4,4,4,4,4,8,8,7,7,7,6,6,6,6,5,5,5,5,6,6,6,8,5,5,5,6,6,6,6,6,6,5,5,5,5,5,5,5,5,5,5,5,5,5,5,5,7,7,6,6,6,6,6,5,5,5,5,5,5,4,4,4,4,4,6,6,6,6,6,6,6,6,6,3,3,3,3,3,5,5,5,7,7,6,6,6,5,5,5,5,6,6,6,6,6,6,6,5,5,5,5,6,6,7,7,6,6,6,5,5,7,7,5,5,5,5,5,5,5,5,6,6,6,6,6,6,6,6,5,5,5,5,6,6,6,4,4,4,4,4,7,7,3,3,3,3,3,3,3,3,3,3,3,3,3,3,5,5,5,5,5,5,5,5,5,5,5,5,5,5,5,5,5,5,6,6,6,6,6,6,6,6,6,6,6,6,7,7,6,6,6,6,6,5,5,5,5,8,8,7,7,7,6,6,6,6,6,6,6,6,6,6,6,6,6,6,7,7,7,7,6,6,7,7,6,8,8,7,7,7,6,6,5,5,7,7,7,7,7,7,7,6,7,7,6,6,6,6,4,4,4,4,4,4,4,4,4,4,4,4,4,4,4,4,5,5,5,6,6,7,7,7,6,6,5,5,5,5,5,5,5,5,5,5,6,6,6,5,5,6,6,6,6,6,5,5,5,5,5,6,6,7,7,6,6,6,6,6,6,6,6,6,4,4,4,4,7,7,7,7,5,5,5,3,3,3,3,3,3,3,3,3,3,3,3,3,3,3,3,3,7,7,4,4,4,4,5,5,5,5,6,6,6,7,7,6,6,5,5,6,6,6,6,6,6,6,5,5,5,5,5,5,5,5,5,7,7,7,7,4,4,4,4,4,4,4,4,4,4,6,6,6,5,5,5,7,7,7,7,8,8,5,5,6,6,7,7,4,4,4,4,4,4,5,5,5,7,7,6,5,5,5,6,6,7,7,4,4,4,4,4,5,5,5,7,7,6,6,5,5,5,5,5,5,5,7,7,4,4,4,4,4,4,4,4,4,4,4,4,4,4,6,6,8,8,5,5,5,5,5,6,6,6,3,3,3,3,3,6,6,6,5,5,5,5,5,6,6,6,7,7,6,6,7,7,6,6,6,6,5,5,6,6,6,5,5,5,6,6,6,4,4,4,4,4,4,4,4,7,7,8,8,5,5,5,6,6,6,