2023-12-19_11-10-15
Time Elasped	201.37 sec
T.Size	1000
Mean	5.754
Median	6.0
Mode	6
SD	0.978
Max	9
Min	4
W.RATE 	100.0% (0 LOSES)

CODE_LENGTH:5
COLORS:8
MAX_GUESS:10
POPULATION_LENGTH:350
MAX_GEN:200
MUTATION_RATE:0.30000000000000004

6,6,6,6,6,7,7,7,7,6,6,6,6,7,7,7,7,7,7,7,7,7,7,6,6,6,6,7,7,7,6,6,6,6,7,7,7,5,5,5,5,5,5,4,4,4,4,4,4,4,4,4,4,7,7,7,5,5,5,5,5,6,6,6,6,6,6,6,5,5,5,5,5,5,8,8,8,6,6,6,6,6,6,6,6,6,6,6,6,6,5,5,5,5,5,6,6,6,6,7,7,7,7,7,7,6,6,6,6,6,6,6,6,7,7,7,7,6,6,6,6,6,6,6,6,6,6,6,6,6,6,6,6,6,6,6,6,6,6,6,6,6,5,5,5,5,5,5,5,5,5,5,5,5,5,5,5,5,5,5,5,5,5,6,6,6,6,6,6,6,6,5,5,5,5,5,5,6,6,6,6,6,7,7,7,7,7,7,7,5,5,5,5,5,5,5,5,7,7,7,6,6,6,6,6,6,7,7,7,7,7,7,7,7,7,7,5,5,5,5,5,9,9,9,9,5,5,5,5,5,5,5,5,5,5,5,5,7,7,7,7,6,6,6,6,6,6,6,6,6,6,6,6,6,6,6,6,6,6,6,6,6,6,6,6,6,6,6,6,5,5,5,5,5,5,5,5,4,4,4,4,4,4,4,4,4,4,4,4,4,4,4,4,4,4,4,4,4,4,7,7,7,7,5,5,5,5,5,5,5,8,8,8,9,9,5,5,5,5,5,6,6,6,6,6,5,5,5,5,5,7,7,7,5,5,5,5,5,5,5,5,6,6,6,6,6,8,8,8,7,7,7,6,6,6,6,6,7,7,7,6,6,6,6,6,7,7,7,7,6,6,6,4,4,4,4,4,4,4,4,4,4,8,8,8,6,6,6,6,7,7,7,7,5,5,5,5,5,5,5,5,5,5,5,5,5,5,5,5,5,5,5,7,7,7,5,5,5,5,5,5,5,5,6,6,6,6,6,6,6,6,6,6,6,6,6,6,6,6,6,6,6,6,6,6,6,6,6,6,6,6,6,6,6,6,6,4,4,4,4,4,4,4,4,4,4,4,4,6,6,6,6,5,5,5,5,5,5,5,5,5,5,5,5,5,6,6,6,6,6,6,6,6,6,6,6,6,6,5,5,5,5,5,5,5,5,5,5,5,6,6,6,6,6,6,6,6,6,6,6,6,6,6,6,5,5,5,5,5,5,5,5,5,5,5,7,7,7,7,6,6,6,6,4,4,4,4,4,4,4,4,7,7,7,7,5,5,5,5,5,5,5,6,6,6,6,6,7,7,7,7,6,6,6,6,7,7,7,5,5,5,5,5,5,5,6,6,6,6,6,6,7,7,7,7,7,7,7,7,7,7,7,7,7,7,7,7,6,6,6,6,6,8,8,8,5,5,5,5,7,7,7,7,7,7,7,6,6,6,6,4,4,4,4,4,4,4,4,4,4,6,6,6,6,6,6,6,6,6,6,6,6,6,6,6,6,6,6,6,6,6,8,8,8,6,6,6,6,6,6,6,6,7,7,7,7,7,7,7,7,6,6,6,6,4,4,4,4,4,4,4,4,4,4,4,7,7,7,7,6,6,6,6,6,7,7,7,7,6,6,6,6,6,5,5,5,5,5,5,7,7,7,7,5,5,5,5,5,5,4,4,4,4,4,4,4,4,4,4,4,4,4,5,5,5,5,5,5,5,5,5,5,5,5,7,7,7,7,5,5,5,5,5,5,5,5,5,5,5,5,5,5,6,6,6,6,6,5,5,5,5,5,5,5,6,6,6,6,6,6,6,6,6,6,6,5,5,5,5,5,5,8,8,8,5,5,5,5,5,5,5,5,5,6,6,6,6,6,8,8,8,6,6,6,6,6,6,6,6,6,6,5,5,5,5,5,5,5,5,5,7,7,7,7,7,6,6,6,6,6,6,6,6,6,6,6,6,6,6,7,7,7,7,7,7,7,5,5,5,5,5,5,5,5,5,7,7,7,7,6,6,6,6,6,6,6,6,5,5,5,5,5,5,5,7,7,7,6,6,6,6,8,8,8,6,6,6,6,6,6,6,6,6,7,7,7,7,7,7,5,5,5,5,5,5,5,5,5,5,5,5,5,5,5,5,5,6,6,6,6,5,5,5,5,5,5,5,5,5,6,6,6,6,7,7,7,6,6,6,6,6,6,6,6,6,6,6,6,6,6,6,6,6,6,6,6,6,6,6,6,6,6,6,6,6,6,6,6,6,6,6,6,6,6,6,6,6,6,6,7,