2023-12-19_11-03-54
Time Elasped	189.48 sec
T.Size	1000
Mean	5.7
Median	6.0
Mode	6
SD	0.947
Max	9
Min	4
W.RATE 	100.0% (0 LOSES)

CODE_LENGTH:5
COLORS:8
MAX_GUESS:10
POPULATION_LENGTH:350
MAX_GEN:200
MUTATION_RATE:0.1

5,5,5,5,5,5,5,5,4,4,4,4,4,4,4,4,4,4,4,4,4,4,4,4,4,4,4,4,4,4,4,4,4,4,8,8,8,5,5,5,5,5,6,6,6,6,6,7,7,7,7,6,6,6,6,5,5,5,5,5,7,7,7,7,5,5,5,5,5,6,6,6,6,6,6,6,6,6,6,6,6,6,6,6,6,6,6,6,6,6,6,6,6,6,6,6,6,6,6,6,6,6,6,6,6,7,7,7,7,5,5,5,5,5,5,5,5,5,5,5,5,5,5,6,6,6,6,6,6,8,8,8,8,8,6,6,6,6,6,4,4,4,4,4,4,4,4,4,4,4,4,6,6,6,6,6,5,5,5,5,5,5,6,6,6,6,6,6,6,6,6,6,6,6,6,6,6,6,6,6,6,6,6,6,6,6,6,5,5,5,5,5,5,5,5,7,7,7,7,6,6,6,6,6,6,6,6,6,6,6,6,6,6,7,7,7,6,6,6,6,6,6,6,6,6,6,6,6,6,6,6,6,6,6,6,4,4,4,4,4,4,4,4,6,6,6,6,6,7,7,7,7,6,6,6,6,6,8,8,8,6,6,6,6,6,6,6,6,6,6,6,6,6,5,5,5,5,5,5,7,7,7,5,5,5,5,5,5,5,5,7,7,7,7,5,5,5,5,5,5,5,5,5,5,5,5,5,8,8,8,5,5,5,5,5,5,5,5,5,5,5,5,5,5,5,5,5,5,5,5,5,5,6,6,6,6,6,6,6,6,6,6,7,7,7,7,6,6,6,6,6,6,6,6,6,6,7,7,7,7,7,7,7,5,5,5,5,5,8,8,8,8,6,6,6,5,5,5,5,5,5,5,5,5,5,5,5,7,7,7,7,6,6,6,6,7,7,7,6,6,6,6,6,6,6,6,6,8,8,8,7,7,7,7,7,7,7,6,6,6,6,6,6,6,6,5,5,5,5,5,5,5,5,7,7,7,7,5,5,5,5,5,5,5,5,5,5,5,6,6,6,6,5,5,5,5,5,5,5,5,5,6,6,6,6,6,7,7,7,7,7,9,9,6,6,6,6,6,5,5,5,5,5,5,5,6,6,6,6,6,6,6,6,6,7,7,7,4,4,4,4,4,4,4,4,4,4,4,5,5,5,5,5,5,5,5,6,6,6,6,6,7,7,7,7,6,6,6,6,6,6,6,6,6,6,6,6,6,6,6,6,6,6,6,6,6,6,6,6,6,6,6,6,6,6,6,6,6,6,6,6,6,7,7,7,7,6,6,6,6,6,5,5,5,5,5,5,5,5,5,5,5,5,5,5,5,5,5,5,5,5,5,6,6,6,6,6,5,5,5,5,5,5,5,5,5,5,5,5,5,6,6,6,6,6,6,5,5,5,5,5,5,7,7,7,7,6,6,6,6,6,7,7,7,6,6,6,6,6,5,5,5,5,5,8,8,8,6,6,6,6,6,6,6,6,6,7,7,7,7,6,6,6,6,6,7,7,7,7,6,6,6,6,7,7,7,5,5,5,5,6,6,6,6,6,6,6,6,6,6,6,6,6,6,6,6,6,6,6,6,6,6,6,6,6,6,5,5,5,5,5,5,5,5,6,6,6,6,6,6,6,6,6,5,5,5,5,5,5,5,5,7,7,7,5,5,5,5,5,5,5,5,5,6,6,6,6,6,6,6,6,6,5,5,5,5,5,5,5,5,5,5,5,5,5,5,5,5,6,6,6,6,6,9,9,5,5,5,5,5,5,5,5,5,5,5,5,5,5,5,5,5,5,5,5,5,5,4,4,4,4,4,4,4,4,4,4,4,4,4,4,4,4,4,4,4,4,4,4,4,4,4,4,4,4,4,4,4,4,6,6,6,6,6,6,7,7,7,7,6,6,6,6,6,6,6,6,6,6,5,5,5,5,5,5,7,7,7,6,6,6,6,6,6,6,6,6,6,8,8,8,7,7,7,4,4,4,4,4,4,4,4,4,4,4,4,6,6,6,6,6,6,6,6,6,6,6,6,6,6,6,6,7,7,7,5,5,5,5,5,5,5,5,5,6,6,6,6,6,6,6,6,6,5,5,5,5,5,5,7,7,7,7,6,6,6,6,6,6,6,6,6,7,7,7,7,6,6,6,6,7,7,7,7,6,6,6,6,7,7,7,7,5,5,5,5,5,5,5,5,6,6,6,6,7,7,7,7,7,7,7,7,6,6,6,6,6,7,7,7,7,6,6,6,6,6,6,6,6,6,