2023-12-19_19-34-27
Time Elasped	634.21 sec
T.Size	1000
Mean	5.495
Median	6.0
Mode	6
SD	1.0271
Max	8
Min	3
W.RATE 	100.0% (0 LOSES)

CODE_LENGTH:5
COLORS:8
MAX_GUESS:10
POPULATION_LENGTH:500
MAX_GEN:500
MUTATION_RATE:0.30000000000000004

6,6,4,4,4,4,4,6,6,6,5,5,5,5,6,6,6,5,7,4,4,4,4,4,4,4,4,4,4,6,6,6,7,5,5,7,6,6,6,6,6,6,5,5,6,6,6,6,6,6,6,6,6,6,6,6,6,6,6,6,5,7,5,5,8,6,5,5,6,7,5,5,6,6,5,7,6,7,6,6,5,6,6,6,7,6,5,7,5,5,5,5,7,6,7,7,6,6,6,4,5,5,6,6,5,8,7,6,6,4,4,4,4,4,4,6,6,6,5,7,6,7,6,5,5,5,7,6,7,4,4,5,5,6,6,6,5,5,6,6,6,5,5,5,5,5,7,6,4,4,4,4,7,5,5,6,6,5,6,6,6,5,7,6,5,5,6,6,5,6,6,4,4,4,4,4,4,6,6,6,5,5,6,6,6,5,5,5,5,6,6,5,5,7,6,6,3,3,3,3,3,3,3,3,3,3,3,7,7,7,6,6,6,6,5,6,6,6,6,6,6,5,5,6,5,5,6,6,7,6,6,7,6,5,5,4,4,4,4,4,4,4,5,5,6,6,5,6,7,6,6,6,6,6,5,5,5,6,6,8,8,8,5,5,6,7,7,4,4,4,5,5,5,6,5,5,5,6,7,7,7,7,6,6,7,5,5,6,6,6,7,6,6,6,6,4,4,4,6,6,4,5,5,5,6,6,7,6,5,5,5,5,6,7,4,4,4,4,4,4,4,4,6,6,7,5,6,7,6,7,7,7,7,5,5,5,5,6,5,5,7,6,7,5,5,5,6,6,7,6,7,6,5,5,7,5,6,6,6,3,3,3,7,6,5,5,6,6,6,7,6,6,5,5,6,6,5,7,5,5,5,5,5,5,6,6,6,6,5,5,6,6,6,3,3,3,3,3,3,3,3,3,3,3,3,3,3,6,6,6,5,6,6,6,6,6,7,7,6,8,7,6,5,5,6,7,6,5,5,5,7,5,5,5,5,5,5,5,5,6,5,5,5,5,5,8,6,6,7,5,5,5,6,6,7,5,6,6,7,7,6,7,7,6,6,6,6,7,6,6,6,7,5,5,5,5,6,6,5,5,5,5,5,5,5,5,5,5,5,5,5,5,5,7,6,5,5,6,5,5,6,5,5,7,5,5,6,7,7,4,4,7,5,5,6,6,6,6,6,6,7,6,5,5,5,5,5,6,6,7,5,5,5,5,5,5,7,7,7,6,5,5,7,5,6,5,5,4,4,4,4,4,4,4,4,7,7,7,6,5,6,6,6,6,6,6,6,6,7,6,5,5,5,5,7,5,5,5,7,6,5,5,5,6,6,6,6,6,6,6,6,6,6,7,7,7,4,4,6,6,6,7,6,6,6,6,6,6,5,5,5,7,4,4,4,4,4,4,4,4,4,4,4,4,4,4,4,4,4,6,6,6,7,6,5,5,5,5,5,7,5,5,5,4,4,4,4,6,6,6,6,6,6,7,5,5,5,5,7,6,6,6,6,6,7,5,5,6,6,6,6,7,5,5,6,5,5,5,7,7,5,5,5,7,7,6,5,6,6,6,5,5,7,6,6,5,5,6,6,6,7,5,5,6,7,6,8,6,5,5,5,5,5,5,5,7,5,5,7,7,7,6,7,5,7,6,5,5,7,6,6,6,5,6,6,6,4,4,7,5,5,3,3,3,3,3,3,3,3,3,3,3,6,6,5,5,5,6,6,6,5,5,5,4,4,6,7,5,5,6,6,6,6,6,5,5,5,5,5,6,6,6,6,7,6,6,7,7,6,7,6,4,4,8,5,6,6,6,6,5,5,5,5,6,5,5,7,5,5,7,5,5,7,5,5,5,6,5,5,5,5,5,5,5,6,8,6,6,6,6,6,6,6,6,6,5,5,5,4,4,4,4,4,5,5,5,5,5,5,5,5,5,6,5,5,5,5,5,5,5,6,6,5,5,5,5,5,7,6,5,5,5,6,8,4,6,6,6,7,7,5,5,7,6,6,6,5,5,5,8,7,6,6,6,7,6,6,7,6,5,5,7,7,6,5,5,6,5,5,5,7,5,5,6,5,5,6,6,6,6,5,5,5,5,5,6,6,4,4,6,7,6,6,6,6,7,7,7,7,6,5,5,6,6,6,6,6,6,5,5,6,6,7,5,5,5,5,4,4,4,4,4,6,6,7,6,7,7,7,6,6,5,5,6,5,5,7,6,6,5,5,6,6,6,5,5,5,6,7,6,6,6,7,7,6,5,5,7,7,6,