2023-12-19_13-37-48
Time Elasped	371.55 sec
T.Size	1000
Mean	5.455
Median	6.0
Mode	6
SD	1.1069
Max	9
Min	2
W.RATE 	100.0% (0 LOSES)

CODE_LENGTH:5
COLORS:8
MAX_GUESS:10
POPULATION_LENGTH:400
MAX_GEN:400
MUTATION_RATE:0.2

6,6,6,7,7,6,6,6,6,6,6,7,7,6,6,5,5,5,5,5,5,5,5,5,5,5,4,4,4,4,4,4,4,4,4,4,4,4,4,4,4,4,4,4,4,6,6,6,4,4,4,4,5,5,5,5,5,6,6,7,7,8,5,5,5,5,7,7,5,5,5,5,5,5,6,6,6,6,6,8,6,6,4,4,4,7,7,6,6,5,5,5,5,5,5,5,5,5,6,6,6,7,7,4,4,6,6,5,5,5,5,2,2,2,2,2,2,2,2,7,7,6,5,5,5,5,7,7,6,6,5,5,5,5,5,6,6,6,6,5,5,7,7,7,7,7,6,6,7,7,5,5,7,7,6,6,6,6,5,5,5,5,6,6,3,3,3,3,3,3,3,3,3,3,3,3,3,3,3,3,3,3,3,3,3,3,3,3,3,3,3,3,3,3,6,6,6,6,6,6,6,6,6,7,7,6,6,6,6,6,6,6,6,6,6,6,6,5,5,5,5,6,6,6,7,7,6,6,7,7,5,6,6,6,7,7,6,6,7,7,6,6,6,6,6,6,6,6,6,6,6,8,5,5,5,6,6,5,5,5,5,6,6,5,5,5,5,5,5,5,6,6,6,6,6,3,3,3,3,3,3,3,3,3,3,3,3,3,3,3,3,3,3,3,3,3,6,6,6,7,5,5,5,5,7,7,4,4,4,4,6,6,7,7,6,6,5,5,5,6,6,5,5,5,6,6,5,5,5,7,7,4,4,8,8,6,6,6,6,6,6,6,6,7,6,6,6,4,4,4,4,4,6,6,6,4,4,4,4,5,5,5,7,7,6,7,7,4,4,4,9,5,5,5,7,7,4,4,4,5,5,5,6,6,6,6,5,5,5,5,6,6,6,5,5,5,6,6,4,4,4,6,6,6,7,6,6,7,7,7,7,7,7,7,6,6,6,6,5,5,5,5,6,6,6,6,6,6,6,6,6,4,4,4,4,4,4,4,4,4,4,4,4,6,6,6,6,6,7,7,6,6,5,5,5,7,7,6,6,6,6,6,6,6,6,6,6,6,7,7,5,5,5,6,6,6,6,6,6,6,6,5,5,5,5,5,5,5,5,7,7,7,7,7,7,7,5,5,5,5,5,5,5,5,5,5,5,5,5,5,5,5,5,5,7,7,6,6,7,7,7,6,6,6,6,6,6,6,7,7,6,6,5,5,6,6,6,6,6,7,4,4,4,4,4,6,6,6,7,6,6,6,6,6,7,7,6,6,6,6,5,5,6,6,8,5,5,5,5,5,6,6,7,7,6,8,5,5,5,6,6,5,5,5,6,6,6,4,4,4,7,7,5,5,8,7,7,7,7,5,5,5,6,6,5,5,6,6,6,6,6,5,5,5,7,7,6,6,7,7,6,6,6,6,6,6,6,7,7,5,5,6,6,6,6,6,6,5,5,5,5,8,5,5,5,5,6,6,5,5,5,5,7,7,7,5,5,5,7,7,6,6,6,6,6,5,5,5,6,6,6,8,6,6,6,6,5,5,5,7,7,5,5,5,6,6,7,7,7,5,5,5,5,6,6,6,6,6,6,6,4,4,4,4,4,7,7,7,7,6,6,6,6,5,5,5,4,4,4,4,5,5,5,5,5,5,5,5,5,5,5,5,5,5,5,5,5,5,5,5,6,6,6,6,6,6,6,5,5,5,5,4,4,4,4,4,4,4,4,4,4,8,8,6,6,7,7,6,6,5,5,5,6,6,6,6,6,5,5,5,5,6,6,6,6,6,6,6,8,8,6,6,6,5,5,5,5,6,6,5,5,5,5,5,5,5,5,5,5,6,6,6,6,5,5,5,5,6,6,5,5,5,6,6,7,7,5,5,5,5,5,5,5,5,5,5,6,6,7,7,6,6,6,5,5,5,5,5,5,5,6,6,6,7,7,6,5,5,5,6,6,6,6,6,6,7,7,6,6,6,6,7,5,5,5,5,6,6,5,5,5,5,5,5,6,6,7,7,6,6,6,6,6,5,5,5,5,6,6,6,6,6,6,5,5,5,6,6,6,6,7,7,5,5,5,7,6,6,6,6,6,7,7,6,6,6,6,6,6,4,4,4,7,7,5,5,7,7,4,4,4,5,5,5,5,7,7,5,5,6,6,6,6,6,5,5,5,6,6,5,5,5,5,5,7,7,5,5,5,6,6,7,7,6,6,5,5,5,5,5,5,5,5,5,6,6,6,6,6,5,5,5,5,5,5,4,4,4,4,4,