2023-12-19_15-05-27
Time Elasped	324.24 sec
T.Size	1000
Mean	5.267
Median	5.0
Mode	6
SD	1.3105
Max	8
Min	2
W.RATE 	100.0% (0 LOSES)

CODE_LENGTH:5
COLORS:8
MAX_GUESS:10
POPULATION_LENGTH:450
MAX_GEN:300
MUTATION_RATE:0.0

4,4,4,4,4,4,7,7,6,6,6,5,5,5,5,7,7,6,6,6,6,6,6,6,6,6,7,7,5,5,5,5,5,5,5,5,5,5,7,7,6,6,5,5,5,6,6,7,7,6,6,6,6,6,6,6,6,6,5,5,6,6,6,6,6,6,5,5,5,7,7,4,4,4,4,4,4,4,4,5,5,5,5,8,8,7,6,6,5,5,5,5,5,5,5,5,5,5,6,6,6,6,6,6,6,5,5,5,5,6,6,6,6,5,5,5,5,6,6,6,5,5,5,5,6,6,6,6,6,6,6,5,5,5,6,6,6,7,7,6,6,6,6,6,6,6,6,6,6,7,7,7,7,6,6,6,6,8,8,7,6,6,6,7,6,6,6,7,7,6,6,4,4,4,4,4,7,7,6,6,5,5,5,5,5,7,7,6,6,7,7,5,5,5,5,6,6,6,6,6,5,5,5,4,4,4,4,4,4,4,5,5,5,5,5,3,3,3,3,3,3,3,3,3,3,3,3,3,3,3,3,3,3,3,3,3,3,3,3,3,3,3,3,3,3,3,3,3,3,3,3,7,7,6,6,4,4,4,4,5,5,5,4,4,4,4,4,4,5,5,5,7,7,6,6,5,5,5,4,4,4,4,4,4,4,4,4,4,4,4,4,4,6,6,6,5,5,5,5,5,5,6,6,5,5,5,5,5,5,5,5,5,6,6,6,5,5,5,7,7,8,5,5,6,6,6,5,5,5,5,5,5,5,6,6,6,4,4,4,4,4,5,5,5,6,6,5,5,5,5,5,7,7,6,6,6,6,2,2,2,2,2,2,2,2,2,2,2,2,2,2,2,2,2,2,2,2,2,2,2,2,2,2,2,2,2,2,2,2,2,2,2,2,2,2,2,2,2,2,2,2,2,2,2,2,2,2,2,2,2,2,2,2,2,2,2,2,6,6,6,5,5,6,6,6,6,6,7,7,7,7,6,6,6,5,5,7,7,6,6,5,5,5,5,5,4,4,4,4,4,4,4,4,5,5,5,5,5,5,5,5,5,5,6,6,7,7,7,7,6,6,6,6,6,5,5,5,5,6,6,6,6,6,6,6,6,6,6,6,6,6,6,5,5,5,5,5,5,5,5,5,6,6,7,7,7,7,5,5,6,6,6,6,7,7,4,4,4,4,7,7,5,5,5,6,6,3,3,3,3,3,3,3,6,6,6,5,5,5,5,5,5,5,7,7,4,4,4,4,6,6,6,7,7,6,6,6,7,7,7,5,5,5,6,6,6,6,6,7,6,6,7,7,6,6,6,6,6,5,5,6,6,4,4,4,4,4,4,5,5,5,5,5,6,6,6,6,6,6,6,6,4,4,4,4,7,7,5,5,5,5,5,6,6,6,8,8,7,5,5,5,5,6,6,6,6,6,6,6,5,5,5,5,6,6,6,7,7,6,6,7,7,5,5,5,5,5,5,5,5,6,6,5,5,5,5,6,6,5,5,5,5,5,5,5,5,5,6,6,6,6,6,4,4,4,4,4,6,6,6,6,6,8,5,5,5,5,5,5,5,5,6,6,6,6,5,5,5,5,5,6,6,6,5,5,5,6,6,6,6,6,6,6,6,7,6,6,6,8,6,6,6,6,6,6,6,5,5,5,7,7,6,6,7,7,5,5,5,8,8,7,6,6,5,5,5,5,6,6,6,7,7,7,5,5,6,6,7,7,5,5,5,6,6,6,5,5,5,8,6,6,6,6,6,5,5,5,5,6,6,6,7,7,6,8,8,7,7,6,6,5,5,5,5,7,7,6,5,5,5,5,6,6,5,5,5,5,6,6,6,7,7,6,6,6,6,6,6,6,5,5,5,7,7,6,6,6,6,6,7,7,6,6,6,6,6,5,5,5,5,5,7,7,7,5,5,5,6,6,6,6,6,6,6,6,6,6,6,6,6,6,6,6,7,7,6,6,7,7,6,6,5,5,5,5,5,5,7,7,5,5,7,7,6,6,6,6,6,6,6,6,6,7,7,7,7,4,4,4,7,7,5,5,5,5,5,5,5,5,5,5,5,6,6,6,6,7,7,7,7,6,6,6,4,4,4,4,4,4,4,4,4,4,4,4,6,6,6,6,6,6,6,6,5,5,5,5,5,6,6,5,5,5,5,5,5,5,5,5,5,6,6,4,4,4,6,6,6,6,6,6,6,6,6,6,5,5,5,7,7,5,5,5,5,5,5,7,7,6,6,7,7,5,5,5,5,6,6,8,6,