2023-12-19_10-36-35
Time Elasped	329.68 sec
T.Size	1000
Mean	5.554
Median	6.0
Mode	6
SD	0.9767
Max	9
Min	3
W.RATE 	100.0% (0 LOSES)

CODE_LENGTH:5
COLORS:8
MAX_GUESS:10
POPULATION_LENGTH:300
MAX_GEN:500
MUTATION_RATE:0.2

6,6,6,5,5,5,5,6,6,5,5,5,5,5,5,5,5,5,5,6,6,6,6,6,7,7,6,6,7,7,7,7,7,7,6,6,6,6,6,6,5,5,5,5,5,5,5,7,7,7,7,7,7,7,7,7,4,4,4,4,4,4,6,6,6,6,6,6,6,6,6,6,6,5,5,5,5,5,5,5,5,5,5,5,7,7,4,4,4,4,4,4,4,4,4,4,4,6,6,6,5,5,5,6,6,5,5,5,5,7,7,7,7,7,5,5,5,5,5,5,5,5,5,5,6,6,6,6,6,5,5,5,6,6,6,6,6,6,5,5,5,7,7,6,6,5,5,5,5,5,6,6,6,5,5,5,5,5,6,6,6,6,6,6,6,5,5,5,5,5,6,6,6,6,6,6,7,5,5,5,8,8,5,5,5,6,6,6,6,6,7,7,7,7,7,6,6,6,6,6,5,5,5,5,5,5,5,5,5,6,6,6,6,6,6,5,5,5,5,7,7,7,7,7,7,6,6,6,6,5,5,5,5,5,5,5,5,5,5,5,5,5,6,6,6,6,6,6,5,5,5,5,7,7,5,5,5,5,5,7,7,7,7,6,6,6,6,5,5,5,5,4,4,4,4,4,4,4,7,7,5,5,5,5,5,5,5,5,6,6,6,6,6,6,6,7,7,5,5,6,6,6,6,6,6,6,6,5,5,5,7,7,4,4,4,4,4,4,7,7,6,6,5,5,5,5,5,6,6,6,7,7,6,6,5,5,5,5,5,6,6,6,6,6,6,6,6,6,5,5,5,5,5,5,6,6,6,5,5,5,5,7,7,5,5,5,5,5,5,5,5,5,5,6,6,6,6,6,7,7,5,5,5,5,6,6,4,4,4,4,4,4,4,4,4,3,3,3,3,3,3,3,6,6,6,6,6,6,6,6,6,6,6,5,5,5,6,6,6,7,7,5,5,5,6,6,6,7,7,6,6,5,5,5,5,5,6,6,6,7,7,6,6,6,6,6,7,7,7,6,6,6,6,6,6,5,5,5,5,5,5,5,5,6,6,7,7,7,6,6,6,6,6,6,6,6,6,6,6,6,6,6,6,6,6,5,5,5,7,7,7,6,6,6,6,6,6,5,5,5,5,6,6,6,6,6,6,6,5,5,5,5,7,7,7,6,6,7,7,7,7,6,6,6,6,6,6,6,6,6,6,5,5,5,5,5,5,6,6,6,6,6,7,7,4,4,4,4,6,6,6,6,6,6,6,6,6,7,7,6,6,6,4,4,4,4,4,4,4,4,4,4,4,4,4,5,5,5,6,6,6,6,6,6,5,5,6,6,6,8,8,8,3,3,3,3,6,6,6,7,7,6,6,6,5,5,5,5,7,7,7,7,6,6,6,4,4,4,4,5,5,5,5,5,5,5,6,6,6,6,6,7,7,6,6,6,6,5,5,5,5,6,6,6,7,7,6,6,6,6,6,7,6,6,4,4,4,4,4,4,4,4,4,4,4,4,4,4,4,4,4,6,6,6,5,5,5,5,6,6,6,7,7,5,5,6,6,6,5,5,5,5,5,6,6,6,6,6,6,6,6,6,6,6,6,5,5,5,6,6,6,6,5,5,5,5,5,6,6,6,6,6,6,6,7,7,7,5,5,5,7,7,8,6,6,6,6,6,7,7,5,5,5,7,7,5,5,5,7,7,6,6,6,6,6,5,5,5,5,6,6,9,6,6,6,6,6,6,6,6,5,5,5,5,6,6,6,6,6,7,7,7,6,6,6,6,6,6,6,6,5,5,5,5,5,5,7,7,5,5,5,5,5,5,5,5,7,7,6,6,6,6,5,5,5,5,5,5,5,6,6,6,6,6,6,6,6,8,6,6,6,3,3,3,3,3,3,3,3,3,3,3,3,5,5,5,5,5,6,6,7,7,6,6,5,5,5,6,6,6,6,6,6,6,6,6,6,5,5,5,8,6,6,6,6,6,6,6,6,6,6,7,7,6,6,6,7,7,5,5,5,7,7,7,7,8,6,6,6,6,4,4,4,4,4,4,4,4,4,4,4,4,4,4,4,4,6,6,6,6,6,6,6,5,5,5,6,6,5,5,5,5,5,5,5,5,5,5,5,5,7,7,5,5,5,5,5,5,5,5,6,6,7,7,6,6,6,7,7,7,5,5,5,5,4,4,4,4,4,4,4,4,4,4,4,4,4,7,7,4,4,4,4,7,7,5,5,5,6,6,6,7,7,6,6,7,7,6,6,7,