2023-12-19_14-28-11
Time Elasped	166.3 sec
T.Size	1000
Mean	5.6142
Median	6.0
Mode	5
SD	1.1767
Max	10
Min	3
W.RATE 	99.8% (2 LOSES)

CODE_LENGTH:5
COLORS:8
MAX_GUESS:10
POPULATION_LENGTH:450
MAX_GEN:100
MUTATION_RATE:0.1

5,5,5,5,3,3,3,3,3,3,3,3,3,3,3,3,3,3,3,6,6,6,6,6,6,7,7,7,7,5,5,5,5,5,5,5,5,5,5,5,5,5,5,6,6,6,6,6,6,6,7,7,7,7,5,5,5,5,5,5,5,5,6,6,6,6,6,6,7,7,7,7,5,5,5,5,5,5,5,8,8,8,8,5,5,5,5,5,5,5,5,6,6,6,6,6,5,5,5,5,5,5,5,5,7,7,7,7,7,4,4,4,4,4,4,4,4,4,4,4,4,7,7,7,7,6,6,6,6,6,5,5,5,5,5,5,5,7,7,7,7,5,5,5,5,5,5,5,5,5,5,5,5,5,5,5,5,6,6,6,6,6,6,8,8,8,5,5,5,5,5,5,5,5,5,8,8,8,6,6,6,6,6,6,4,4,4,4,4,4,4,4,4,4,4,4,4,4,7,7,7,7,7,6,6,6,6,6,9,9,9,7,7,7,7,6,6,6,6,6,6,6,6,6,6,6,6,6,6,6,6,6,6,6,6,6,6,6,6,6,6,7,7,7,7,6,6,6,6,6,6,7,7,7,7,5,5,5,5,5,5,5,5,7,7,7,7,5,5,5,5,5,5,5,8,8,8,8,5,5,5,5,5,5,5,5,5,5,5,5,5,6,6,6,6,6,6,6,6,6,6,6,6,6,6,7,7,7,7,7,5,5,5,5,5,5,5,5,6,6,6,6,6,6,6,6,6,6,6,5,5,5,5,5,5,5,5,5,5,5,5,5,5,5,5,5,5,5,5,7,7,7,7,6,6,6,6,6,6,6,6,6,6,4,4,4,4,4,4,4,4,4,4,4,4,4,8,8,8,5,5,5,5,5,5,5,6,6,6,6,6,6,6,8,8,8,6,6,6,6,6,6,6,6,6,6,6,6,6,3,3,3,3,3,3,3,3,3,3,3,3,3,3,3,3,7,7,7,7,6,6,6,6,6,6,5,5,5,5,5,5,5,5,6,6,6,6,6,6,6,6,6,6,6,6,6,6,6,6,6,6,6,6,6,6,6,5,5,5,5,5,5,5,5,6,6,6,6,6,10,10,7,7,7,7,7,6,6,6,6,6,5,5,5,5,5,5,5,5,5,5,5,5,5,5,5,5,5,5,5,5,5,5,5,5,5,5,5,5,4,4,4,4,4,4,4,4,4,6,6,6,6,6,6,6,6,6,6,6,6,6,5,5,5,5,5,5,5,5,5,5,5,5,5,5,5,7,7,7,7,4,4,4,4,4,4,4,4,4,4,4,6,6,6,6,6,6,9,9,9,5,5,5,5,5,5,5,6,6,6,6,6,7,7,7,7,6,6,6,6,6,6,6,6,6,6,6,7,7,7,7,5,5,5,5,5,5,5,5,5,5,5,5,5,5,5,6,6,6,6,6,5,5,5,5,5,5,6,6,6,6,6,6,6,6,6,6,6,6,6,6,6,6,6,6,7,7,7,7,5,5,5,5,5,5,5,6,6,6,6,6,6,5,5,5,5,5,5,5,5,5,5,5,5,5,5,5,5,5,5,5,5,5,5,5,5,5,5,5,5,5,5,8,8,8,8,8,8,6,6,6,6,6,6,6,8,8,8,6,6,6,6,6,6,6,6,6,6,9,9,9,8,8,8,9,9,9,9,9,7,7,7,7,5,5,5,5,5,5,5,6,6,6,6,6,6,6,4,4,4,4,4,4,4,4,4,4,4,7,7,7,7,7,6,6,6,6,6,6,6,6,6,6,6,9,9,9,7,7,7,7,7,7,7,5,5,5,5,5,5,5,6,6,6,6,6,7,7,7,7,7,6,6,6,6,6,6,6,6,6,6,6,7,7,7,7,6,6,6,6,6,6,5,5,5,5,5,5,5,5,5,5,5,5,5,5,5,5,5,5,5,6,6,6,6,6,6,5,5,5,5,5,5,5,5,5,6,6,6,6,6,6,6,6,6,6,6,6,6,6,6,6,6,6,6,6,6,6,6,5,5,5,5,5,5,5,5,5,5,5,5,5,5,5,5,5,5,5,5,5,6,6,6,6,6,7,7,7,7,7,7,7,7,7,6,6,6,6,6,6,7,7,7,7,7,6,6,6,6,5,5,5,5,5,5,5,5,5,5,5,7,7,7,7,7,7,7,7,7,5,5,5,5,5,5,5,3,3,3,3,3,3,3,3,3,3,3,3,3,3,3,3,3,5,5,5,5,5,5,5,5,8,8,8,8,5,5,5,