2023-12-19_13-48-59
Time Elasped	358.78 sec
T.Size	1000
Mean	5.287
Median	5.0
Mode	6
SD	1.2083
Max	9
Min	3
W.RATE 	100.0% (0 LOSES)

CODE_LENGTH:5
COLORS:8
MAX_GUESS:10
POPULATION_LENGTH:400
MAX_GEN:400
MUTATION_RATE:0.4

7,5,5,4,4,4,4,4,6,6,5,5,5,5,5,5,5,5,6,6,7,7,5,5,6,6,8,7,7,7,6,6,6,6,5,5,5,5,6,6,6,6,5,5,5,5,5,5,5,5,5,6,6,6,6,6,6,5,5,5,5,5,6,6,9,6,6,7,7,5,5,6,6,6,6,5,5,5,5,6,6,6,6,7,7,3,3,3,3,3,3,3,3,3,3,3,3,3,3,3,3,3,3,3,3,3,3,5,5,5,5,7,7,6,6,5,5,5,7,6,6,6,6,6,6,6,6,6,5,5,5,5,5,6,6,7,7,5,5,4,4,4,6,6,5,5,5,5,5,5,5,5,5,5,5,5,5,6,6,6,6,6,6,6,3,3,3,6,6,6,6,6,8,5,5,5,5,7,7,5,5,6,6,7,7,6,6,5,5,7,7,5,5,7,7,5,5,3,3,3,6,6,6,5,5,5,5,5,5,5,5,5,5,5,4,4,4,4,4,4,4,4,6,6,6,7,6,6,6,7,7,6,3,3,3,3,3,3,3,3,3,3,3,3,3,3,3,3,3,3,3,3,3,6,6,6,6,6,5,5,5,6,6,6,6,6,8,5,5,5,8,6,6,5,5,5,5,5,5,7,7,7,7,7,7,6,6,4,4,4,4,4,4,4,5,5,5,6,6,6,6,6,6,6,6,6,6,6,7,7,6,6,6,6,6,6,6,5,5,5,5,5,7,7,5,5,7,7,6,6,8,7,7,7,6,6,6,6,5,5,5,7,7,6,6,7,6,6,6,7,7,7,6,6,6,6,5,5,5,6,6,6,6,6,6,5,5,5,8,4,4,4,4,7,7,6,6,6,6,6,6,5,5,5,5,5,5,5,5,5,6,6,6,5,5,8,8,7,5,5,6,6,7,7,6,6,5,5,5,5,6,6,6,6,6,6,6,4,4,4,4,4,5,5,5,5,5,5,7,7,6,6,6,6,6,6,5,5,5,5,5,5,5,3,3,3,3,3,3,5,5,5,5,6,6,6,5,5,7,7,6,6,5,5,6,6,6,6,7,7,6,7,7,7,7,7,7,6,6,5,5,7,7,7,7,5,5,5,5,5,5,6,6,6,5,5,5,7,7,6,6,6,6,5,5,5,6,6,6,6,6,7,6,6,7,7,6,6,5,5,5,5,6,6,4,4,4,4,7,7,6,6,7,7,5,8,5,5,5,7,7,6,5,5,5,6,6,7,7,6,6,4,4,4,4,4,4,6,6,6,6,6,6,6,7,6,6,8,5,5,5,5,5,6,6,6,6,6,6,6,6,6,6,6,6,5,5,5,7,7,6,6,5,5,5,6,6,4,4,4,6,6,6,5,5,5,6,6,5,5,5,6,6,6,5,5,5,6,6,5,5,5,5,5,5,5,5,6,6,6,6,6,6,6,6,6,6,6,6,6,6,6,5,5,5,5,5,5,5,5,5,5,7,7,7,6,6,5,5,5,4,4,4,4,6,6,7,7,5,5,5,6,6,6,6,6,5,5,5,5,4,4,4,4,4,6,6,6,7,7,5,5,6,6,6,6,6,6,6,6,6,6,6,6,6,6,6,6,6,6,7,7,7,6,6,5,5,5,6,6,6,6,5,5,6,6,6,5,5,6,6,6,7,7,7,6,5,5,5,5,5,6,6,7,5,5,5,5,5,6,6,5,5,5,5,5,5,7,7,7,7,6,3,3,3,3,3,3,3,3,3,3,3,3,3,3,3,3,3,3,3,3,3,3,3,3,3,3,3,3,3,3,3,3,3,3,3,3,3,3,3,3,3,3,3,3,3,3,3,3,3,3,3,3,3,3,3,3,3,3,3,3,3,3,3,3,8,8,7,6,6,7,7,6,6,6,6,4,4,4,4,4,4,6,6,6,6,5,5,5,5,7,7,5,6,6,7,7,7,6,6,6,6,5,5,5,6,6,5,5,5,6,6,6,6,5,5,5,6,6,6,6,6,5,5,5,5,5,5,5,7,7,6,6,6,6,6,6,5,5,5,5,6,6,5,5,5,4,4,4,4,4,4,4,4,4,4,4,4,4,6,6,4,4,4,4,4,7,7,6,5,5,5,6,6,5,5,5,5,5,4,4,4,4,4,4,4,4,4,4,4,4,4,4,4,4,4,4,4,5,5,5,5,5,6,6,5,5,5,5,7,5,5,5,7,7,7,6,6,6,5,5,6,6,7,7,4,4,4,4,4,8,8,6,6,6,6,6,6,6,