2023-12-19_12-48-09
Time Elasped	234.91 sec
T.Size	1000
Mean	5.582
Median	6.0
Mode	6
SD	1.0518
Max	8
Min	4
W.RATE 	100.0% (0 LOSES)

CODE_LENGTH:5
COLORS:8
MAX_GUESS:10
POPULATION_LENGTH:400
MAX_GEN:200
MUTATION_RATE:0.2

6,6,6,6,6,6,6,7,7,7,6,6,6,7,7,7,7,6,6,6,6,6,6,6,5,5,5,5,4,4,4,4,4,4,5,5,5,5,5,7,7,7,7,7,7,5,5,5,5,6,6,6,6,5,5,5,5,8,8,6,6,6,6,6,6,6,7,7,7,7,7,7,5,5,5,5,7,7,7,7,6,6,6,6,6,6,6,5,5,5,5,5,5,5,6,6,6,6,6,6,6,6,5,5,5,5,5,5,6,6,6,6,6,7,7,7,6,6,6,6,8,8,5,5,5,5,5,5,6,6,6,7,7,7,6,6,6,6,6,6,6,6,6,6,7,7,7,7,7,7,6,6,6,5,5,5,5,5,5,5,5,5,5,5,5,5,5,5,6,6,6,6,4,4,4,4,4,4,4,4,4,6,6,6,6,6,6,6,6,6,6,6,5,5,5,5,5,5,5,7,7,7,7,7,7,6,6,6,5,5,5,5,7,7,7,6,6,6,6,6,6,6,6,8,8,4,4,4,4,4,4,4,4,4,4,4,4,4,4,4,4,4,7,7,7,6,6,6,6,6,6,6,6,6,6,7,7,7,4,4,4,4,4,4,4,4,4,6,6,6,6,7,7,7,7,7,4,4,4,4,4,4,4,6,6,6,6,7,7,7,5,5,5,5,5,5,7,7,7,6,6,6,7,7,7,5,5,5,5,8,8,6,6,6,5,5,5,5,6,6,6,6,6,6,6,6,6,6,6,6,7,7,7,7,7,7,6,6,6,7,7,7,5,5,5,5,5,5,5,5,5,6,6,6,6,5,5,5,5,7,7,7,4,4,4,4,4,4,4,6,6,6,6,6,6,6,6,6,6,6,6,6,6,6,8,8,5,5,5,5,7,7,7,4,4,4,4,4,4,4,4,6,6,6,6,6,6,6,8,8,8,4,4,4,4,4,6,6,6,6,8,8,8,6,6,5,5,5,5,5,8,8,6,6,6,6,6,6,6,6,5,5,5,5,5,7,7,7,6,6,6,7,7,7,7,7,7,7,7,4,4,4,4,4,4,6,6,6,6,7,7,7,6,6,6,6,6,6,6,6,4,4,4,4,4,4,7,7,7,6,6,6,6,4,4,4,4,4,4,4,4,4,4,4,4,4,6,6,6,6,6,6,6,6,6,6,6,6,6,6,6,6,7,7,7,6,6,6,5,5,5,5,5,5,6,6,6,6,5,5,5,5,5,6,6,6,4,4,4,4,4,4,4,4,4,4,4,4,4,5,5,5,5,5,5,5,5,5,5,5,5,5,6,6,6,5,5,5,5,5,5,5,5,6,6,6,6,4,4,4,4,4,4,4,4,4,4,7,7,7,7,7,5,5,5,5,5,6,6,6,6,5,5,5,5,5,7,7,7,7,7,7,7,7,6,6,6,6,6,6,6,6,6,6,6,6,6,6,6,6,6,6,6,6,6,5,5,5,5,5,6,6,6,6,4,4,4,4,4,4,4,4,6,6,6,6,6,6,6,6,4,4,4,4,4,4,4,4,4,7,7,7,7,7,6,6,6,6,4,4,4,4,4,4,4,4,4,4,4,4,4,4,4,4,4,4,4,4,4,5,5,5,5,5,5,5,5,5,5,5,6,6,6,6,6,5,5,5,5,5,6,6,6,6,6,6,6,6,6,6,6,7,7,7,8,8,6,6,6,5,5,5,5,5,7,7,7,6,6,6,5,5,5,5,5,6,6,6,6,4,4,4,4,4,4,6,6,6,5,5,5,5,5,5,6,6,6,6,6,6,6,6,6,6,6,6,6,6,6,5,5,5,5,5,7,7,7,7,7,7,7,7,7,6,6,6,6,6,6,5,5,5,5,5,5,5,7,7,7,7,7,7,6,6,6,6,7,7,7,5,5,5,5,5,7,7,7,6,6,6,6,6,6,5,5,5,5,5,5,6,6,6,6,6,6,6,7,7,7,6,6,6,6,5,5,5,7,7,7,7,7,7,7,7,7,7,7,5,5,5,5,5,5,5,6,6,6,6,4,4,4,4,4,4,4,4,4,4,4,4,4,4,4,4,4,4,4,4,4,4,4,4,4,4,4,6,6,6,6,6,6,6,6,8,8,6,6,6,6,6,6,6,5,5,5,5,5,5,5,5,5,5,5,5,7,7,7,7,7,7,7,7,7,6,6,6,6,6,6,6,6,5,5,5,5,5,6,6,6,6,5,5,5,5,5,5,7,7,7,6,6,6,4,4,4,4,4,4,4,4,