2023-12-19_12-34-08
Time Elasped	157.6 sec
T.Size	1000
Mean	6.003
Median	6.0
Mode	6
SD	1.156
Max	10
Min	4
W.RATE 	99.7% (3 LOSES)

CODE_LENGTH:5
COLORS:8
MAX_GUESS:10
POPULATION_LENGTH:400
MAX_GEN:100
MUTATION_RATE:0.30000000000000004

7,7,5,5,5,5,5,5,5,5,6,6,6,6,6,6,5,5,5,5,5,5,5,5,5,6,6,6,6,6,6,6,5,5,5,5,5,5,5,5,5,7,7,7,7,7,5,5,5,5,5,5,5,5,6,6,6,6,6,6,7,7,7,7,7,4,4,4,4,4,4,4,4,4,4,4,4,4,4,4,9,9,9,9,5,5,5,5,5,5,5,5,5,5,7,7,7,7,7,8,8,8,8,8,8,8,8,7,7,7,7,7,7,6,6,6,6,6,6,9,9,9,6,6,6,6,6,6,7,7,7,7,7,7,7,7,7,7,6,6,6,6,6,6,5,5,5,5,5,5,5,5,5,6,6,6,6,6,6,6,6,6,6,6,6,6,6,6,7,7,7,7,7,6,6,6,6,6,6,6,9,9,9,6,6,6,6,6,6,5,5,5,5,5,5,5,5,5,5,5,5,5,5,5,5,7,7,7,7,7,6,6,6,6,6,6,7,7,7,7,7,7,8,8,8,8,7,7,7,7,7,7,7,7,7,4,4,4,4,4,4,4,4,4,4,4,4,4,6,6,6,6,6,6,6,7,7,7,7,7,5,5,5,5,5,5,5,5,5,5,5,6,6,6,6,6,6,6,7,7,7,7,7,7,7,7,7,7,6,6,6,6,6,6,6,6,6,6,6,6,7,7,7,7,9,9,9,4,4,4,4,4,4,4,4,4,4,4,4,4,4,4,5,5,5,5,5,5,5,5,5,5,5,5,5,5,5,5,7,7,7,7,7,5,5,5,5,5,5,5,5,5,9,9,9,5,5,5,5,5,5,5,5,5,5,5,8,8,8,8,8,8,8,6,6,6,6,6,6,7,7,7,7,8,8,8,8,7,7,7,7,7,7,7,7,7,7,7,7,7,7,5,5,5,5,5,5,5,5,5,5,6,6,6,6,6,6,6,6,6,6,6,6,6,6,7,7,7,7,7,4,4,4,4,4,4,4,4,4,4,4,4,6,6,6,6,6,6,6,5,5,5,5,5,5,5,5,5,6,6,6,6,6,6,6,6,6,6,6,6,6,6,6,6,6,6,6,6,6,7,7,7,7,7,7,7,7,7,7,5,5,5,5,5,5,5,5,5,8,8,8,8,7,7,7,7,7,7,7,7,7,7,6,6,6,6,6,6,6,6,6,6,6,6,5,5,5,5,5,5,5,5,5,5,7,7,7,7,7,7,5,5,5,5,5,5,5,5,6,6,6,6,6,6,6,5,5,5,5,5,5,5,5,5,5,5,5,5,5,5,5,5,5,5,5,5,5,5,5,5,5,5,7,7,7,7,7,8,8,8,8,6,6,6,6,6,6,6,6,6,6,6,6,6,7,7,7,7,7,6,6,6,6,6,6,6,6,6,6,6,6,6,8,8,8,8,9,9,9,6,6,6,6,6,6,6,6,6,6,6,6,6,6,6,6,6,6,6,6,6,6,6,6,6,6,7,7,7,7,7,5,5,5,5,5,5,5,5,5,5,5,5,7,7,7,7,7,7,8,8,8,8,5,5,5,5,5,5,5,8,8,8,8,7,7,7,7,7,7,8,8,8,5,5,5,5,5,5,5,5,5,5,7,7,7,7,7,6,6,6,6,6,6,6,6,5,5,5,5,5,5,5,6,6,6,6,6,6,6,9,9,9,6,6,6,6,6,6,6,7,7,7,7,7,7,7,7,7,7,7,7,7,7,7,7,7,7,7,8,8,8,8,7,7,7,7,7,7,7,7,7,7,8,8,8,8,6,6,6,6,6,6,7,7,7,7,7,7,8,8,8,6,6,6,6,6,6,6,6,5,5,5,5,5,5,5,5,7,7,7,7,7,8,8,8,8,6,6,6,6,6,6,5,5,5,5,5,5,5,5,5,5,7,7,7,7,7,6,6,6,6,6,6,10,10,10,6,6,6,6,6,6,6,6,6,6,6,6,6,6,6,6,6,6,6,5,5,5,5,5,5,5,5,5,5,5,5,5,5,5,5,5,5,6,6,6,6,6,6,6,7,7,7,7,7,6,6,6,6,6,6,5,5,5,5,5,5,5,5,5,4,4,4,4,4,4,4,4,4,4,4,4,4,4,4,4,4,4,4,5,5,5,5,5,5,5,5,5,5,5,6,6,6,6,6,7,7,7,7,7,8,8,8,8,8,6,6,6,6,6,6,7,7,7,7,7,7,5,5,5,5,5,5,5,5,5,5,7,7,7,7,7,7,7,7,7,5,