2023-12-19_16-23-06
Time Elasped	486.51 sec
T.Size	1000
Mean	5.303
Median	5.0
Mode	6
SD	1.1065
Max	9
Min	3
W.RATE 	100.0% (0 LOSES)

CODE_LENGTH:5
COLORS:8
MAX_GUESS:10
POPULATION_LENGTH:450
MAX_GEN:500
MUTATION_RATE:0.1

6,4,4,4,6,6,7,6,5,5,6,6,4,4,4,4,5,5,5,5,8,6,6,6,6,5,5,5,5,5,5,6,5,5,5,6,6,6,6,6,6,6,5,5,5,6,6,6,6,6,6,6,7,6,7,7,6,6,7,6,6,5,6,6,6,6,6,5,5,6,6,6,7,5,5,7,7,5,5,6,6,9,7,7,7,7,7,6,6,6,5,5,6,6,5,5,6,6,5,5,3,3,3,3,3,4,4,4,5,5,5,6,6,6,5,5,6,6,6,6,6,6,4,4,4,4,4,4,6,6,6,4,4,4,4,4,4,4,7,6,4,4,4,4,4,4,5,5,5,5,6,6,6,5,5,5,5,5,5,6,6,6,6,3,3,3,3,7,5,5,6,6,6,6,7,6,6,6,7,5,5,5,6,6,6,5,6,6,7,6,6,6,6,6,6,6,6,5,5,6,5,5,5,7,6,6,6,9,7,6,6,6,6,7,5,5,5,5,6,6,5,5,7,3,3,3,3,3,3,3,3,3,3,3,3,3,3,3,3,3,3,3,3,3,3,3,3,3,3,3,3,3,5,5,7,7,7,7,6,6,6,7,5,5,6,6,6,6,6,6,6,6,6,6,6,7,5,5,6,6,6,6,6,6,7,7,6,6,6,5,6,5,5,5,7,7,6,4,4,4,6,6,5,5,5,6,6,6,6,5,5,6,7,7,7,6,5,5,5,5,5,7,5,5,5,5,4,4,4,4,4,4,4,4,4,4,4,4,4,4,4,5,5,6,6,6,7,7,6,6,6,5,5,5,5,5,5,5,5,5,5,5,5,5,5,5,5,5,5,5,5,5,3,3,3,3,3,3,3,3,3,3,3,3,3,3,3,3,5,5,6,6,6,6,6,7,5,5,5,5,5,6,8,4,4,6,6,6,6,6,6,6,7,7,6,7,6,6,7,6,6,6,6,7,7,4,4,4,4,4,4,4,4,4,4,4,4,4,4,4,4,4,4,6,6,4,4,4,4,4,4,4,4,4,4,6,6,6,6,5,5,5,7,7,6,6,6,6,7,8,7,7,7,7,7,6,7,8,6,6,6,6,6,6,6,6,7,5,5,5,5,6,6,6,6,5,5,5,5,5,4,4,4,4,5,5,5,5,5,5,7,6,5,5,6,6,6,6,8,6,5,5,5,5,6,6,6,7,6,5,5,5,5,5,6,6,5,5,5,5,5,6,6,6,6,7,6,5,5,6,6,7,7,4,4,4,4,4,6,6,6,6,6,6,8,6,5,5,5,5,5,7,7,5,5,7,6,6,6,6,6,7,7,5,5,6,6,6,7,6,7,7,5,6,6,7,7,5,5,5,6,6,5,5,5,7,7,6,6,6,5,5,5,7,7,4,4,4,4,8,5,5,6,6,6,5,5,5,5,5,7,7,6,6,6,6,6,6,6,6,5,5,6,6,5,5,5,6,5,5,5,6,6,6,6,6,4,4,4,4,4,4,4,4,4,4,4,6,6,5,5,5,7,5,5,6,6,6,6,7,5,5,6,6,5,5,5,5,5,7,7,4,4,4,4,4,6,6,6,5,5,4,4,4,6,6,6,5,5,5,5,5,7,6,6,5,6,6,6,6,6,6,6,6,5,5,7,6,6,6,6,6,6,7,5,5,5,7,6,6,6,6,6,6,6,5,5,5,5,6,6,5,5,5,5,5,6,6,6,5,5,6,6,4,4,4,4,4,6,6,6,6,6,4,4,4,4,4,4,4,4,4,5,5,5,8,8,6,6,7,4,4,4,4,4,4,5,5,5,5,6,5,5,5,5,5,5,4,4,4,4,5,7,7,6,6,6,6,6,5,5,5,5,5,5,5,5,5,5,6,5,5,6,6,6,6,6,6,6,5,5,5,5,5,5,5,6,6,6,7,6,7,5,5,6,6,6,6,6,5,5,5,5,3,3,3,3,3,3,3,6,6,5,4,4,4,5,5,7,5,6,6,6,6,6,4,4,6,6,4,4,4,4,4,4,4,4,4,7,7,5,4,4,4,4,4,4,4,4,4,4,4,4,4,6,6,5,5,6,6,6,5,6,6,6,6,6,6,6,7,7,6,5,5,5,6,6,7,7,6,6,6,6,6,6,5,5,6,6,6,7,5,5,7,7,6,6,7,7,6,5,5,5,5,5,7,7,6,6,5,5,5,5,6,4,4,4,7,5,5,7,4,4,4,4,7,6,6,4,4,4,4,4,4,4,4,4,4,4,6,