2023-12-19_16-51-39
Time Elasped	558.83 sec
T.Size	1000
Mean	5.4915
Median	6.0
Mode	6
SD	1.042
Max	9
Min	3
W.RATE 	99.9% (1 LOSES)

CODE_LENGTH:5
COLORS:8
MAX_GUESS:10
POPULATION_LENGTH:450
MAX_GEN:500
MUTATION_RATE:0.4

4,4,4,4,4,4,4,4,4,4,7,7,6,6,7,6,6,7,5,5,5,5,7,6,6,7,7,6,6,7,7,4,4,4,7,5,5,5,7,6,6,4,4,6,6,7,6,6,6,7,7,5,5,7,6,7,5,5,5,8,6,7,6,6,6,6,6,5,5,6,6,6,7,6,6,5,5,6,6,7,6,6,7,6,5,5,5,5,5,5,6,6,7,8,4,7,6,6,7,6,5,5,5,6,6,6,6,5,5,6,6,5,5,7,9,5,5,5,5,5,6,6,6,6,4,4,4,4,4,4,4,4,4,4,4,4,4,4,4,4,4,4,5,5,5,4,4,4,4,4,4,4,4,4,4,4,6,6,7,6,6,5,6,6,6,6,5,6,6,6,6,6,6,6,6,6,5,5,5,6,6,6,5,5,5,5,5,5,5,5,5,6,6,7,5,5,7,7,7,5,6,6,5,6,5,5,5,6,6,7,7,5,5,5,5,5,5,5,5,6,6,7,6,7,7,6,6,6,5,5,5,5,5,5,5,5,5,5,6,6,7,6,5,6,6,6,5,5,5,5,6,6,6,5,5,6,4,4,4,6,6,6,7,7,6,5,5,6,6,6,6,3,3,3,3,3,3,3,3,3,3,3,6,6,7,5,5,5,6,5,5,7,7,7,5,5,4,4,4,6,6,6,6,7,6,6,6,5,5,5,5,7,7,7,6,6,6,5,7,6,6,5,5,5,5,5,5,5,5,5,7,5,5,7,6,6,5,6,6,5,6,6,6,5,5,5,5,6,6,6,5,5,7,7,5,4,4,4,5,5,8,5,5,7,6,6,6,7,7,6,6,6,7,7,7,7,5,4,4,4,6,6,5,6,6,4,4,4,6,6,6,5,5,6,6,7,6,5,5,7,4,4,4,4,7,6,4,5,5,5,7,6,5,5,5,5,5,4,4,4,6,6,7,6,4,4,6,6,6,7,7,6,7,8,6,7,6,7,7,5,5,5,5,5,5,5,5,7,7,5,6,7,7,6,7,7,7,6,8,5,5,5,7,7,5,5,5,5,5,5,5,7,6,6,7,6,7,5,5,5,5,5,6,6,5,5,5,8,5,7,8,7,6,5,5,7,7,5,8,5,5,5,5,7,6,6,6,6,6,8,7,4,4,4,5,5,8,6,5,5,6,6,6,7,6,5,7,6,6,5,5,7,6,6,6,5,5,5,4,4,7,7,6,6,6,8,5,5,6,6,6,6,6,6,6,6,6,5,5,6,5,5,5,6,6,4,4,6,6,6,7,6,6,5,5,5,7,6,6,6,7,6,6,6,7,6,8,6,6,5,5,6,7,6,6,7,6,6,6,6,6,6,5,5,6,6,7,7,6,7,7,6,5,5,6,6,5,5,6,6,6,5,5,5,5,4,4,4,8,6,7,6,6,5,5,7,7,7,6,7,5,5,6,6,7,5,5,5,5,5,6,6,5,5,5,5,6,6,7,6,5,5,5,6,6,6,6,6,6,7,6,6,6,7,6,6,6,5,5,5,5,4,4,4,6,6,5,7,5,5,7,7,7,6,5,5,5,8,6,7,6,6,6,6,7,6,7,7,7,6,6,6,6,6,6,6,4,4,4,4,4,4,4,7,6,6,6,5,5,5,5,5,7,3,3,3,7,6,6,6,5,5,5,6,6,6,5,5,6,6,6,4,4,4,4,4,4,4,7,7,6,5,5,5,5,5,5,6,6,6,6,5,5,7,7,6,5,6,6,7,7,4,4,4,4,4,4,4,4,4,4,4,6,6,6,5,5,5,5,7,5,5,5,6,6,6,6,6,6,5,5,5,6,6,5,5,5,5,5,5,5,7,6,6,6,5,7,7,6,7,6,5,5,7,6,7,7,5,5,5,6,6,5,5,5,5,5,7,7,6,4,4,5,5,5,4,4,4,4,4,4,4,4,6,6,5,6,6,6,7,5,5,5,6,6,6,5,5,6,6,4,4,6,7,5,5,4,4,4,4,4,4,4,4,4,4,4,4,4,4,3,3,3,3,5,5,8,6,5,5,5,7,6,7,6,6,6,6,6,6,6,6,5,5,5,5,6,6,6,6,6,5,5,7,6,6,6,6,4,4,4,4,7,6,6,7,6,6,6,5,6,6,5,5,6,6,6,6,4,4,4,4,4,4,4,4,4,4,4,4,4,4,4,4,4,4,4,4,6,6,6,6,7,7,6,6,6,5,5,5,5,4,4,4,4,4,4,4,6,