2023-12-19_19-43-26
Time Elasped	538.53 sec
T.Size	1000
Mean	4.97
Median	5.0
Mode	6
SD	1.517
Max	8
Min	2
W.RATE 	100.0% (0 LOSES)

CODE_LENGTH:5
COLORS:8
MAX_GUESS:10
POPULATION_LENGTH:500
MAX_GEN:500
MUTATION_RATE:0.4

6,6,6,7,6,6,7,6,5,5,5,5,5,6,7,5,5,6,4,4,4,4,4,4,4,6,6,4,4,4,4,4,4,7,7,6,6,4,4,4,6,6,6,6,7,6,5,5,5,5,6,6,5,5,5,5,6,5,5,5,5,6,6,8,6,6,6,6,5,5,4,4,4,4,5,5,5,5,6,7,5,5,6,6,5,6,7,5,5,6,6,5,6,6,6,6,4,4,6,6,6,6,4,4,4,7,6,6,5,5,5,5,4,4,6,6,8,5,5,7,7,5,7,7,6,6,6,6,6,5,5,6,6,6,6,6,5,5,6,6,6,6,6,6,6,6,4,4,4,4,4,4,4,4,4,4,4,4,4,4,4,4,4,5,5,5,6,6,6,6,5,5,5,5,5,6,6,5,5,6,7,6,6,6,6,7,5,5,5,6,6,6,7,6,5,5,6,6,5,5,5,5,5,5,5,6,6,6,6,7,6,5,5,6,6,6,6,4,4,4,4,6,6,6,6,6,5,5,5,6,4,5,5,7,6,6,6,6,5,5,7,7,6,6,7,7,6,5,6,6,6,6,6,5,5,6,6,6,6,6,8,8,6,5,5,5,7,6,6,5,5,5,6,6,7,6,6,7,7,6,7,6,8,6,6,5,5,7,6,6,6,7,5,5,5,5,7,7,4,6,6,6,5,5,6,6,6,7,7,6,6,6,5,6,6,7,5,6,7,5,7,4,4,4,6,6,6,6,6,6,6,6,7,8,6,6,7,5,5,7,5,5,5,7,6,4,4,4,4,4,6,6,4,4,4,4,4,4,5,5,5,5,5,7,5,5,5,5,5,5,5,7,7,4,4,4,6,6,6,6,5,5,6,7,6,6,6,6,7,6,5,5,5,5,5,6,5,5,5,5,5,6,6,7,5,5,5,5,7,6,6,5,5,7,6,6,7,5,5,7,7,5,5,5,5,5,5,5,5,4,4,4,4,4,4,4,4,4,4,4,4,6,6,7,7,6,6,7,6,6,7,6,7,6,6,6,6,7,6,6,6,6,5,6,6,6,5,5,5,5,5,5,4,4,4,4,6,6,6,4,4,4,5,5,6,7,7,7,7,6,7,8,6,5,7,3,3,3,3,3,3,3,3,3,3,3,3,6,6,6,6,6,5,5,5,5,6,5,5,6,6,6,6,6,7,6,5,5,6,8,6,7,6,6,6,4,4,4,6,6,5,5,5,8,5,5,5,5,7,7,5,6,6,6,5,5,5,5,5,5,5,6,7,4,6,5,5,5,6,6,6,7,6,6,6,7,4,7,6,7,7,7,7,7,6,6,5,5,7,7,6,6,6,3,3,3,5,5,5,6,6,2,2,2,2,2,6,6,6,5,5,5,5,6,6,6,6,5,5,4,4,6,6,6,6,5,6,7,4,4,4,4,6,6,5,5,6,2,2,2,2,2,2,2,2,2,2,2,2,2,2,2,2,2,2,2,2,2,2,2,2,2,2,2,2,2,2,2,2,2,2,2,2,2,2,2,2,2,2,2,2,2,2,2,2,2,2,2,2,2,2,2,2,2,2,2,2,2,2,2,2,2,2,2,2,2,2,2,2,2,2,2,2,2,2,2,2,2,2,2,2,2,2,2,2,2,2,2,2,2,2,2,2,2,2,2,2,2,2,2,2,2,2,2,2,2,2,2,2,2,2,2,2,2,2,2,2,2,2,2,2,2,2,2,2,2,2,2,2,5,5,5,6,7,5,5,7,6,6,6,5,5,6,6,6,5,6,6,5,5,5,7,6,7,6,7,4,8,7,7,6,5,6,6,4,4,4,5,5,7,4,4,4,6,6,7,6,6,6,6,6,6,6,6,6,6,6,6,6,4,4,4,4,5,5,5,6,4,4,4,4,4,4,4,4,4,4,6,6,6,6,6,6,6,7,6,6,6,6,7,5,5,6,5,5,5,5,5,7,5,6,6,5,6,6,6,6,5,6,5,5,7,6,6,6,6,6,6,5,4,4,4,4,4,4,4,4,4,6,4,4,4,7,6,7,4,4,4,4,4,4,4,7,8,5,5,5,6,5,5,6,6,8,6,6,7,5,6,6,5,5,6,5,5,5,5,5,6,5,5,6,5,5,4,4,4,4,4,4,7,7,5,5,5,5,5,5,6,6,6,5,5,5,5,5,8,6,6,7,7,6,6,6,5,4,4,4,4,4,4,4,4,4,4,4,4,4,4,6,6,5,5,6,6,6,7,6,5,5,7,