2023-12-19_11-32-51
Time Elasped	237.95 sec
T.Size	1000
Mean	5.405
Median	5.0
Mode	6
SD	0.9622
Max	8
Min	3
W.RATE 	100.0% (0 LOSES)

CODE_LENGTH:5
COLORS:8
MAX_GUESS:10
POPULATION_LENGTH:350
MAX_GEN:300
MUTATION_RATE:0.4

5,5,6,6,6,7,7,7,5,5,5,5,5,7,7,6,6,6,6,6,6,6,5,5,5,5,5,5,5,5,6,6,6,5,5,5,5,5,5,6,6,6,6,6,6,6,6,6,6,6,6,5,5,5,5,5,7,7,7,5,5,5,5,5,5,5,5,5,5,5,5,5,5,6,6,6,6,7,7,6,6,6,7,7,7,5,5,5,5,7,7,7,6,6,6,4,4,4,4,4,6,6,6,6,5,5,5,7,7,7,5,5,5,6,6,6,6,4,4,4,4,6,6,6,6,5,5,5,5,7,7,7,6,6,6,6,6,6,5,5,5,5,5,5,6,6,6,6,6,6,6,4,4,4,4,4,4,4,4,4,4,6,6,6,6,6,6,6,6,6,5,5,5,5,5,6,6,6,6,6,6,6,5,5,5,6,6,6,6,7,7,4,4,4,4,4,4,4,4,4,4,4,4,4,4,4,4,4,6,6,6,6,5,5,5,5,5,5,5,5,5,6,6,6,6,6,6,6,7,7,6,6,6,7,7,3,3,3,3,3,3,6,6,6,6,6,6,6,5,5,5,5,5,5,6,6,6,6,5,5,5,5,5,5,5,5,5,4,4,4,4,4,4,4,4,4,4,4,5,5,5,5,5,5,5,6,6,6,6,6,6,5,5,5,5,5,5,5,5,7,7,7,5,5,5,5,5,7,7,5,5,5,5,5,5,7,7,7,6,6,6,5,5,5,5,5,5,5,7,7,7,5,5,5,5,5,5,5,5,5,6,6,6,5,5,5,5,4,4,4,4,4,4,4,7,7,7,6,6,6,6,6,6,6,6,6,6,4,4,4,4,4,4,4,5,5,5,5,5,7,7,6,6,6,3,3,3,3,3,3,3,3,5,5,5,5,5,6,6,6,6,5,5,5,5,6,6,6,6,6,6,6,6,6,6,6,5,5,5,5,4,4,4,4,4,4,4,4,4,5,5,5,5,5,5,6,6,6,6,5,5,5,5,5,5,5,5,5,5,5,5,6,6,6,6,6,6,6,6,4,4,4,4,4,4,4,4,4,4,4,4,4,4,4,4,4,4,4,4,4,4,6,6,6,6,5,5,5,5,5,5,4,4,4,4,4,4,4,4,4,5,5,5,5,7,7,7,6,6,6,6,6,6,7,7,7,5,5,5,5,8,8,6,6,6,5,5,5,5,5,5,7,7,6,6,6,6,7,7,7,6,6,6,8,8,6,6,6,8,8,7,7,5,5,5,5,5,7,7,7,6,6,6,6,6,5,5,5,5,5,5,6,6,6,6,6,6,6,5,5,5,5,5,5,5,6,6,6,6,6,6,6,5,5,5,5,6,6,6,6,5,5,5,5,5,6,6,6,5,5,5,5,5,5,6,6,6,6,6,6,6,5,5,5,5,5,8,8,5,5,5,5,5,5,5,6,6,6,6,6,6,5,5,5,5,5,5,5,5,5,5,5,5,6,6,6,6,6,6,6,6,6,6,6,6,6,7,7,7,7,7,7,7,7,7,7,7,5,5,5,6,6,6,6,6,6,6,5,5,5,5,7,7,7,6,6,6,6,6,6,6,6,6,6,6,6,6,6,6,4,4,4,4,4,4,5,5,5,5,5,5,5,6,6,6,6,6,6,6,6,6,6,6,7,7,5,5,5,5,5,5,5,6,6,6,6,6,6,6,6,5,5,5,5,6,6,6,8,8,6,6,6,6,6,6,6,6,6,6,6,5,5,5,5,5,5,5,5,5,5,5,5,5,5,5,5,6,6,6,6,6,6,6,6,6,6,6,6,6,4,4,4,4,4,6,6,6,6,6,6,6,7,7,6,6,6,6,6,6,6,6,6,6,6,7,7,7,5,5,5,5,6,6,6,6,6,6,6,6,6,6,7,7,7,5,5,5,5,5,6,6,6,5,5,5,5,6,6,6,6,5,5,5,5,5,5,5,5,5,5,6,6,6,6,5,5,5,5,4,4,4,4,4,4,4,4,6,6,6,6,8,8,4,4,4,4,6,6,6,6,7,7,6,6,6,5,5,5,5,5,5,4,4,4,4,4,4,4,4,4,4,4,4,4,4,4,4,4,4,4,4,4,4,6,6,6,6,6,6,6,6,6,6,6,6,6,6,5,5,5,5,5,5,5,5,4,4,4,4,4,4,4,4,4,4,4,7,7,7,7,7,6,6,6,7,7,7,7,7,4,4,4,4,4,4,4,4,4,4,4,6,6,6,6,5,5,5,5,6,6,