2023-12-19_19-14-30
Time Elasped	583.75 sec
T.Size	1000
Mean	5.414
Median	5.0
Mode	6
SD	1.0797
Max	9
Min	3
W.RATE 	100.0% (0 LOSES)

CODE_LENGTH:5
COLORS:8
MAX_GUESS:10
POPULATION_LENGTH:500
MAX_GEN:500
MUTATION_RATE:0.1

7,7,6,5,5,5,5,5,5,6,6,5,5,5,4,4,4,4,4,4,4,4,6,6,6,7,7,6,6,6,4,4,6,7,5,6,6,4,6,6,7,7,6,6,6,6,6,4,4,6,8,7,5,5,5,5,5,5,5,5,5,5,5,5,6,7,6,6,5,6,6,5,6,6,6,6,5,5,5,6,6,6,4,4,4,4,4,4,4,4,4,4,4,4,4,6,6,5,5,5,6,6,5,6,6,5,5,5,5,5,5,5,6,6,6,8,5,5,6,6,6,6,6,5,5,5,6,6,7,6,7,7,5,6,6,6,6,6,6,7,6,7,6,6,7,5,5,6,6,7,5,5,6,6,5,5,5,5,5,5,6,6,5,5,5,5,6,5,5,6,6,6,6,7,6,5,5,6,5,5,7,6,6,5,5,6,5,5,6,6,6,6,5,5,6,5,5,6,4,4,4,4,4,5,5,5,5,8,5,5,5,5,6,6,6,4,4,4,4,7,5,5,6,6,5,5,5,5,5,5,5,5,7,6,4,4,4,4,4,4,4,4,4,4,4,4,4,5,5,5,6,6,6,7,5,5,5,5,6,6,6,7,5,5,6,6,5,5,7,5,5,5,5,6,6,5,7,5,5,6,6,5,6,6,5,6,6,6,5,5,5,5,6,6,4,5,5,5,5,4,4,7,6,6,5,5,7,6,6,7,7,8,6,6,6,7,6,6,6,7,7,6,6,6,5,5,6,6,7,5,5,6,5,5,6,6,5,5,5,5,6,8,5,6,6,5,6,7,7,6,4,4,7,7,7,6,5,7,7,7,5,7,7,6,5,5,5,6,7,5,5,5,5,5,7,6,6,6,6,7,8,7,6,7,6,6,6,7,5,5,6,6,5,6,6,6,5,5,6,6,5,5,6,6,5,5,5,5,5,5,5,5,4,4,4,6,6,7,6,8,6,5,5,4,4,4,4,6,6,6,6,5,5,5,6,6,7,6,6,6,5,6,6,6,6,4,4,4,7,6,6,7,6,6,6,6,5,5,5,5,6,4,4,4,4,6,6,6,6,5,5,5,5,5,8,6,7,6,6,6,6,6,6,6,6,6,6,8,6,7,4,4,4,7,4,4,4,4,4,4,4,4,4,5,5,7,6,6,6,7,5,5,6,6,6,5,5,6,6,5,5,5,7,5,5,5,5,6,6,7,7,6,6,5,6,6,6,7,4,4,4,6,5,5,6,7,6,7,4,4,4,4,4,4,4,4,5,5,6,6,6,6,6,7,7,6,6,8,5,7,6,6,6,6,6,6,7,6,5,5,6,6,7,5,5,6,6,7,6,5,5,7,5,5,6,4,4,4,4,7,6,6,6,3,3,3,5,5,5,5,6,6,6,5,7,5,5,5,5,7,7,7,6,6,6,6,6,6,6,8,6,6,5,5,5,5,7,6,6,6,4,4,4,6,4,4,4,5,5,5,5,5,7,6,6,6,6,7,6,6,6,6,6,5,7,7,6,5,5,5,6,6,6,6,5,5,8,5,5,4,4,6,6,6,6,6,7,7,6,7,6,6,6,5,5,5,5,6,6,6,7,5,5,5,5,6,5,5,7,4,6,6,5,6,6,6,5,5,4,4,7,7,6,6,6,6,6,6,6,6,6,6,6,6,6,6,6,5,5,5,5,5,5,5,5,7,7,6,6,6,6,6,7,7,6,6,6,6,6,6,6,6,7,5,5,7,4,4,4,5,5,7,5,5,5,5,6,3,3,3,3,3,3,3,3,3,3,3,3,3,3,3,3,3,3,3,3,3,3,3,3,3,3,3,3,3,3,3,3,3,3,3,3,3,3,3,3,3,3,8,7,7,5,5,5,6,7,7,5,5,5,7,6,6,5,5,4,4,6,7,6,6,6,4,7,7,7,4,5,5,5,6,6,6,6,6,9,6,8,6,6,6,5,5,5,7,7,7,6,7,6,7,6,5,5,5,5,5,5,5,5,5,6,6,7,5,5,5,5,7,5,5,5,5,6,6,7,4,5,5,6,6,6,6,6,5,6,6,6,7,5,5,7,5,5,7,7,5,5,5,5,5,5,5,7,7,5,5,5,5,7,6,6,3,3,3,3,3,3,3,3,3,5,5,5,7,5,6,6,5,5,5,5,5,4,4,5,5,6,6,6,6,4,4,4,5,5,5,5,6,7,6,6,6,6,8,7,5,5,5,5,5,6,6,7,5,5,5,5,4,4,4,4,4,4,4,5,5,5,7,