2023-12-19_09-24-07
Time Elasped	226.15 sec
T.Size	1000
Mean	5.315
Median	5.0
Mode	6
SD	1.1769
Max	8
Min	3
W.RATE 	100.0% (0 LOSES)

CODE_LENGTH:5
COLORS:8
MAX_GUESS:10
POPULATION_LENGTH:250
MAX_GEN:500
MUTATION_RATE:0.30000000000000004

6,6,6,5,5,5,5,5,5,6,6,6,7,7,7,6,6,6,6,6,6,6,6,7,7,6,6,6,6,6,6,6,6,8,8,5,5,5,4,4,4,4,4,4,4,5,5,5,5,5,5,6,6,6,6,5,5,5,5,5,7,7,7,6,6,6,8,8,5,5,5,5,6,6,6,5,5,5,5,5,5,5,6,6,6,6,7,7,7,7,7,5,5,5,5,5,7,7,7,5,5,5,5,5,5,5,5,7,7,7,6,6,5,5,5,5,5,5,5,5,5,5,5,5,5,5,5,5,5,7,7,7,7,7,7,7,6,6,6,6,7,7,5,5,5,5,5,5,5,6,6,6,6,5,5,5,5,6,6,6,5,5,5,6,6,6,6,7,7,7,7,7,5,5,5,6,6,6,5,5,5,5,5,6,6,6,6,7,7,7,6,6,6,6,5,5,5,5,5,5,6,6,6,6,7,7,7,5,5,5,5,6,6,6,6,7,7,7,6,6,6,4,4,4,4,4,5,5,5,5,5,5,5,5,5,5,5,5,5,5,8,8,7,7,7,7,7,5,5,5,5,5,5,5,5,5,5,5,7,7,7,4,4,4,4,4,4,4,4,4,4,4,4,4,4,4,4,4,4,4,4,4,6,6,6,6,4,4,4,4,4,4,4,4,4,6,6,6,6,5,5,5,5,5,5,6,6,6,6,5,5,5,5,5,6,6,6,6,6,6,6,6,6,7,7,7,5,5,5,5,5,7,7,6,6,6,6,7,7,7,6,6,6,6,6,6,6,5,5,5,5,5,5,5,5,5,5,5,6,6,6,7,7,6,6,6,6,6,6,6,6,6,7,7,7,5,5,5,5,6,6,6,5,5,5,5,6,6,5,5,5,5,5,6,6,6,7,7,7,6,6,6,6,6,6,6,6,6,6,6,6,7,7,7,6,6,6,6,6,6,6,6,6,5,5,5,5,5,5,5,6,6,6,6,5,5,5,5,5,5,5,7,7,7,7,7,5,5,5,5,5,5,5,4,4,4,4,4,4,4,4,7,7,7,7,7,7,7,6,6,6,6,7,7,5,5,5,5,5,6,6,6,5,5,5,5,7,7,7,7,7,6,6,6,6,6,6,6,6,6,6,6,5,5,5,5,5,5,6,6,6,5,5,5,5,5,5,5,7,7,7,5,5,5,5,5,6,6,6,6,6,6,6,6,6,6,6,7,7,7,7,7,6,6,6,6,6,6,6,6,6,5,5,5,5,5,5,5,5,5,5,5,5,5,5,5,5,5,4,4,4,4,4,4,4,6,6,6,5,5,5,5,5,5,6,6,6,6,5,5,5,5,5,5,6,6,6,6,6,6,6,3,3,3,3,3,3,3,3,3,3,3,3,3,3,3,3,3,3,3,3,3,3,3,3,3,3,3,3,3,3,3,3,3,3,3,3,3,3,3,3,3,3,3,3,3,3,6,6,6,6,6,6,6,4,4,4,4,4,4,4,4,4,7,7,7,6,6,6,5,5,5,5,6,6,6,5,5,5,5,6,6,6,4,4,4,4,4,4,4,4,4,6,6,6,6,8,8,6,6,6,6,6,6,6,6,6,6,6,7,7,7,7,7,7,7,6,6,6,6,7,7,7,6,6,5,5,5,5,6,6,6,6,6,6,6,6,5,5,5,5,8,8,7,7,5,5,5,5,4,4,4,4,4,4,4,6,6,6,6,6,6,6,6,6,6,6,6,6,6,6,6,6,6,5,5,5,5,5,5,5,5,5,6,6,6,6,6,5,5,5,5,5,5,8,8,4,4,4,4,4,4,4,4,6,6,6,6,6,6,6,6,6,6,6,6,6,6,7,7,7,5,5,5,5,5,5,5,5,5,5,5,7,7,6,6,6,6,5,5,5,5,5,5,6,6,6,6,5,5,5,5,6,6,6,5,5,5,5,5,7,7,6,6,6,6,6,6,6,6,6,6,6,5,5,5,5,5,5,5,5,6,6,6,5,5,5,5,5,5,5,7,7,7,6,6,6,5,5,5,5,4,4,4,4,4,4,4,4,4,4,4,4,4,4,4,7,7,7,6,6,6,6,6,6,7,7,7,7,7,6,6,6,7,7,6,6,6,6,5,5,5,3,3,3,3,3,3,3,3,3,3,3,3,3,3,3,3,3,3,3,3,3,3,3,3,3,3,3,3,3,3,3,3,3,3,3,3,3,3,3,3,3,3,3,3,3,3,3,3,3,3,3,3,3,3,3,3,3,3,