2023-12-19_18-19-49
Time Elasped	497.66 sec
T.Size	1000
Mean	5.419
Median	5.0
Mode	5
SD	1.1819
Max	9
Min	2
W.RATE 	100.0% (0 LOSES)

CODE_LENGTH:5
COLORS:8
MAX_GUESS:10
POPULATION_LENGTH:500
MAX_GEN:400
MUTATION_RATE:0.0

8,7,5,5,7,4,4,4,4,4,4,4,7,7,6,6,6,6,7,5,5,6,6,6,6,7,7,6,5,5,5,6,6,6,6,5,5,5,7,5,5,5,7,6,6,6,5,5,5,5,5,7,6,6,5,5,5,5,6,6,6,6,5,5,5,5,5,5,7,7,6,5,5,6,6,6,7,6,6,6,6,6,4,4,5,5,5,5,5,5,6,6,4,4,4,4,7,6,6,6,7,5,5,5,7,7,6,6,6,6,5,5,5,7,5,5,6,6,6,7,4,4,4,4,4,4,4,6,6,6,6,6,6,6,4,4,4,4,4,4,7,5,5,5,5,5,5,5,5,5,6,6,7,4,4,8,5,5,4,4,6,6,6,6,6,6,6,5,5,6,6,5,6,6,7,5,5,6,6,7,6,7,7,3,3,3,3,3,3,3,3,3,5,5,5,5,5,5,5,8,7,7,6,6,6,6,6,5,5,7,6,5,5,5,7,6,6,6,5,5,5,7,5,5,5,6,6,5,5,4,4,4,4,4,4,4,7,7,6,9,7,5,8,6,4,4,4,4,4,4,4,4,7,7,7,6,8,4,4,7,7,6,7,7,6,6,6,6,4,4,8,7,7,5,6,6,6,6,6,5,5,5,6,6,6,6,6,5,5,6,6,6,6,8,5,5,5,5,5,5,5,7,6,6,6,6,7,6,6,5,5,5,5,6,6,7,5,5,5,5,5,6,6,6,6,7,7,5,5,5,5,5,5,7,7,7,5,7,7,4,6,6,6,7,8,5,5,5,6,6,5,5,5,6,6,6,6,6,6,6,6,5,5,5,3,3,3,3,3,3,3,3,3,3,3,3,3,3,3,3,3,3,3,3,3,3,3,3,4,4,4,4,8,6,6,5,5,5,5,5,6,6,5,5,6,6,7,5,5,5,5,5,5,5,5,5,7,6,6,6,6,6,7,6,6,6,6,6,6,7,5,5,5,5,5,5,7,7,7,7,6,6,7,6,6,5,5,5,5,5,5,5,5,6,6,6,6,7,7,6,6,5,6,6,6,6,6,5,5,6,6,4,4,4,4,6,6,6,6,6,8,7,6,8,6,6,6,6,6,5,5,5,5,5,6,6,5,6,6,7,6,7,7,6,7,5,5,5,6,6,6,6,5,5,6,6,7,6,6,5,6,6,7,2,2,2,2,2,2,2,2,2,2,2,2,2,2,2,2,2,2,2,2,2,2,2,2,2,2,2,2,2,2,2,2,5,5,5,5,5,5,6,6,8,7,5,5,5,5,5,5,5,5,5,7,7,6,6,5,5,5,5,5,5,6,6,5,5,5,5,5,5,5,6,6,6,6,6,8,8,4,4,6,6,5,5,5,6,6,6,5,5,5,5,6,6,7,4,4,4,4,4,4,4,5,5,5,7,5,5,7,7,7,5,6,6,6,7,6,6,5,5,6,6,7,7,6,4,4,4,5,5,5,5,7,7,5,5,5,5,5,6,6,5,5,5,5,5,5,6,6,6,5,5,5,7,6,6,5,5,6,6,6,5,5,5,6,6,7,7,7,5,6,6,5,5,5,6,6,6,6,6,5,5,6,6,6,6,6,6,5,6,6,5,5,5,5,5,6,6,7,5,5,7,7,7,7,5,5,6,6,6,6,6,7,7,7,7,7,6,5,5,5,6,5,5,5,7,5,5,5,5,6,6,5,5,6,6,6,6,6,5,5,6,6,6,5,5,8,6,6,5,6,6,6,5,5,5,5,5,6,6,7,6,6,8,7,6,5,5,5,6,6,7,8,6,6,6,5,5,5,5,6,7,7,6,5,5,5,5,5,5,6,6,7,5,5,5,5,5,5,6,6,4,4,4,4,4,4,4,4,4,4,4,4,4,4,4,4,4,4,5,5,7,7,6,6,6,7,6,6,6,6,7,6,6,5,5,5,5,5,5,5,5,6,6,5,5,6,6,5,5,5,5,6,6,7,7,6,6,6,6,5,5,5,6,6,6,6,5,5,5,5,5,5,5,5,5,5,5,5,5,5,5,5,5,6,6,6,5,5,7,7,6,6,6,7,6,6,9,6,5,7,6,6,5,6,6,5,5,7,7,7,7,6,8,6,7,5,5,5,6,6,6,6,8,6,6,6,7,6,6,6,6,6,6,6,6,6,6,5,5,5,5,5,7,7,5,6,6,6,6,5,5,6,6,7,5,6,6,5,5,5,5,5,6,6,6,7,7,6,6,6,6,5,5,5,7,7,5,