2023-12-19_10-41-59
Time Elasped	323.38 sec
T.Size	1000
Mean	5.397
Median	5.0
Mode	5
SD	1.0698
Max	8
Min	3
W.RATE 	100.0% (0 LOSES)

CODE_LENGTH:5
COLORS:8
MAX_GUESS:10
POPULATION_LENGTH:300
MAX_GEN:500
MUTATION_RATE:0.30000000000000004

7,7,6,6,7,7,7,7,7,6,6,6,6,5,5,5,6,6,5,5,5,5,5,5,5,5,7,7,6,6,6,6,4,4,4,4,4,4,4,4,4,4,4,4,4,4,4,4,4,4,7,7,6,6,6,6,6,5,5,5,5,5,5,5,7,7,7,5,5,5,5,5,5,5,7,7,6,6,6,7,7,7,7,5,5,6,6,6,6,6,6,6,6,6,6,6,6,3,3,3,3,3,3,3,3,3,3,3,3,3,3,3,3,3,3,3,3,3,3,3,6,6,6,5,5,5,5,7,7,5,5,5,5,6,6,5,5,5,6,6,5,5,5,5,5,5,5,5,7,7,6,6,8,8,6,6,6,6,6,5,5,5,5,6,6,6,5,5,5,5,6,6,6,7,7,7,7,4,4,4,5,5,5,8,8,5,5,5,5,8,8,8,6,6,5,5,5,5,5,5,5,6,6,6,6,6,6,5,5,5,5,6,6,6,6,6,6,6,6,5,5,5,6,6,6,7,7,4,4,4,6,6,7,7,7,6,6,5,5,5,5,5,5,5,5,4,4,4,4,4,4,4,4,4,4,4,4,4,4,4,4,5,5,5,5,5,5,5,5,6,6,6,7,7,8,6,6,5,5,5,6,6,7,7,6,8,8,5,5,5,5,5,6,6,5,5,5,5,5,5,5,5,5,5,5,5,5,5,6,6,6,5,5,5,4,4,4,4,4,4,4,4,4,4,4,4,4,4,4,4,4,4,4,4,4,4,4,4,7,7,6,6,5,5,5,6,6,5,5,5,5,5,5,6,6,5,5,5,5,6,6,6,6,6,6,7,7,6,6,5,5,5,5,5,5,5,5,5,5,4,4,4,4,4,4,4,5,5,5,5,5,6,6,6,6,6,6,6,6,6,6,6,5,5,5,5,5,5,5,5,5,6,6,6,7,7,7,6,6,7,7,7,5,5,5,6,6,6,6,6,5,5,5,8,8,6,7,7,7,7,7,7,7,7,7,6,6,6,6,6,4,4,4,4,7,7,6,6,6,6,6,5,5,5,5,5,5,5,5,5,7,7,4,4,4,4,4,4,4,4,7,7,6,6,7,7,5,5,5,5,5,5,5,5,5,5,5,7,7,4,4,4,4,7,7,6,6,6,6,6,6,6,7,7,6,6,6,6,6,5,5,5,6,6,6,5,5,5,7,7,6,6,6,6,7,5,5,5,6,6,6,6,6,6,6,6,5,5,5,6,6,6,6,6,7,7,4,4,4,7,7,5,5,7,7,5,5,5,4,4,4,4,4,6,6,6,5,5,5,5,5,6,6,5,5,5,6,6,6,7,7,5,5,5,6,6,6,4,4,4,4,4,4,4,4,6,6,6,7,7,4,4,4,4,4,4,6,6,5,5,5,5,6,6,5,5,5,7,7,6,6,6,6,5,5,6,6,6,7,7,4,4,4,4,4,4,4,4,4,4,4,4,4,4,4,4,4,4,4,4,4,4,4,4,4,4,4,4,4,4,4,4,4,4,4,7,7,6,6,4,4,4,4,4,4,4,4,4,4,6,6,6,7,7,7,6,6,6,7,7,6,6,7,7,5,5,6,6,7,7,7,6,6,7,7,6,6,6,6,6,6,6,5,5,5,5,5,5,5,7,7,5,5,5,8,8,6,5,5,5,5,5,5,6,6,6,6,6,7,7,5,5,6,6,7,7,5,5,5,5,4,4,4,4,4,6,6,6,5,5,6,6,6,4,4,4,4,4,4,4,4,4,7,7,6,6,6,6,6,6,5,5,5,5,5,5,5,5,7,7,6,6,5,5,6,6,6,6,6,7,7,7,5,5,5,5,7,7,6,6,7,7,6,6,5,5,5,5,5,5,5,7,7,5,5,5,6,6,6,7,7,5,5,5,7,7,7,7,4,4,4,4,4,4,4,4,4,4,4,4,4,4,4,5,5,5,5,5,7,7,6,6,6,6,6,6,6,6,6,6,5,5,5,5,5,6,6,6,6,6,6,6,5,5,5,5,5,5,5,5,5,5,5,5,5,5,5,5,6,6,5,5,5,5,6,6,6,7,7,7,5,5,5,6,6,6,6,6,7,7,5,5,5,5,5,5,5,5,5,6,6,6,5,5,5,5,6,6,7,7,6,6,8,8,4,6,6,6,5,5,7,7,7,5,5,6,6,6,6,6,5,5,6,6,6,6,8,7,7,4,4,4,4,4,4,5,5,5,5,5,5,5,5,7,7,6,6,6,6,5,